5.885051171875000000e+04 1.524485492706298828e+01 1.049958076328039169e-02
5.885051171875000000e+04 1.526165390014648438e+01 1.253338344395160675e-02
5.885150000000000000e+04 1.528075027465820312e+01 1.052519399672746658e-02
5.885255859375000000e+04 1.528207683563232422e+01 1.052617747336626053e-02
5.885255859375000000e+04 1.525523948669433594e+01 1.252826210111379623e-02
5.885457812500000000e+04 1.519802951812744141e+01 1.248520985245704651e-02
5.885457812500000000e+04 1.522093200683593750e+01 1.048360764980316162e-02
5.885948828125000000e+04 1.524934959411621094e+01 1.050268113613128662e-02
5.885949218750000000e+04 1.525464534759521484e+01 1.252779085189104080e-02
5.885949218750000000e+04 1.523543643951416016e+01 1.251282915472984314e-02
5.885949218750000000e+04 1.528363704681396484e+01 1.052733976393938065e-02
5.886154687500000000e+04 1.523879814147949219e+01 1.049545686691999435e-02
5.886155078125000000e+04 1.524836254119873047e+01 1.050199754536151886e-02
5.886451562500000000e+04 1.523826789855957031e+01 1.251500006765127182e-02
5.886451562500000000e+04 1.524966526031494141e+01 1.050289906561374664e-02
5.886653125000000000e+04 1.525184345245361328e+01 1.252557523548603058e-02
5.886653906250000000e+04 1.526360511779785156e+01 1.051271054893732071e-02
5.886748828125000000e+04 1.524492931365966797e+01 1.049963384866714478e-02
5.887153125000000000e+04 1.523011779785156250e+01 1.250877976417541504e-02
5.887153125000000000e+04 1.522375488281250000e+01 1.250398997217416763e-02
5.887153125000000000e+04 1.519688415527343750e+01 1.046841219067573547e-02
5.887153515625000000e+04 1.522957611083984375e+01 1.048928126692771912e-02
5.887256640625000000e+04 1.522089767456054688e+01 1.048358716070652008e-02
5.887256640625000000e+04 1.525971603393554688e+01 1.253182999789714813e-02
5.887351562500000000e+04 1.524058437347412109e+01 1.251678541302680969e-02
5.887353125000000000e+04 1.522384357452392578e+01 1.048550661653280258e-02
5.887554687500000000e+04 1.519714069366455078e+01 1.248457934707403183e-02
5.887554687500000000e+04 1.521154022216796875e+01 1.047757267951965332e-02
5.887655468750000000e+04 1.520484352111816406e+01 1.047334633767604828e-02
5.887655468750000000e+04 1.519754505157470703e+01 1.248486619442701340e-02
5.887751562500000000e+04 1.520951175689697266e+01 1.249347720295190811e-02
5.887751562500000000e+04 1.518349456787109375e+01 1.046031713485717773e-02
5.887857031250000000e+04 1.517890262603759766e+01 1.247184723615646362e-02
5.887857031250000000e+04 1.515933513641357422e+01 1.044636312872171402e-02
5.887953515625000000e+04 1.505167198181152344e+01 1.239529158920049667e-02
5.887955078125000000e+04 1.507301139831542969e+01 1.040310505777597427e-02
5.888053515625000000e+04 1.517887973785400391e+01 1.045758649706840515e-02
5.888053906250000000e+04 1.519721221923828125e+01 1.248462870717048645e-02
5.888155468750000000e+04 1.521501159667968750e+01 1.249750331044197083e-02
5.888155468750000000e+04 1.519206809997558594e+01 1.046547107398509979e-02
5.888355468750000000e+04 1.516961193084716797e+01 1.045219693332910538e-02
5.888355468750000000e+04 1.516366100311279297e+01 1.246155705302953720e-02
5.888455468750000000e+04 1.518374633789062500e+01 1.046046707779169083e-02
5.888553906250000000e+04 1.519279193878173828e+01 1.046591065824031830e-02
5.888553906250000000e+04 1.520752048492431641e+01 1.249203085899353027e-02
5.888655468750000000e+04 1.518859386444091797e+01 1.247855462133884430e-02
5.888655468750000000e+04 1.518238067626953125e+01 1.045965496450662613e-02
5.888752343750000000e+04 1.518634223937988281e+01 1.247698348015546799e-02
5.888754687500000000e+04 1.520006084442138672e+01 1.047036889940500259e-02
5.888849609375000000e+04 1.518562126159667969e+01 1.046158559620380402e-02
5.888851562500000000e+04 1.513947010040283203e+01 1.244586613029241562e-02
5.889046093750000000e+04 1.515165138244628906e+01 1.044209953397512436e-02
5.889049218750000000e+04 1.514161205291748047e+01 1.244722492992877960e-02
5.889251171875000000e+04 1.518561935424804688e+01 1.046158373355865479e-02
5.889251562500000000e+04 1.519210433959960938e+01 1.248101703822612762e-02
5.889353125000000000e+04 1.520417308807373047e+01 1.047292724251747131e-02
5.889354296875000000e+04 1.517673683166503906e+01 1.247036550194025040e-02
5.889453515625000000e+04 1.520720767974853516e+01 1.249180547893047333e-02
5.889453515625000000e+04 1.519082546234130859e+01 1.046471670269966125e-02
5.889548828125000000e+04 1.519790649414062500e+01 1.248512323945760727e-02
5.889551171875000000e+04 1.520506954193115234e+01 1.047348883002996445e-02
5.889853125000000000e+04 1.517987918853759766e+01 1.045817695558071136e-02
5.889853125000000000e+04 1.515122127532958984e+01 1.245339028537273407e-02
5.889948046875000000e+04 1.517257404327392578e+01 1.246753707528114319e-02
5.889950781250000000e+04 1.518075847625732422e+01 1.045869477093219757e-02
5.890346093750000000e+04 1.517600059509277344e+01 1.246986351907253265e-02
5.890351171875000000e+04 1.516946125030517578e+01 1.045211125165224075e-02
5.890453125000000000e+04 1.514966011047363281e+01 1.044100709259510040e-02
5.890453125000000000e+04 1.517105102539062500e+01 1.246650610119104385e-02
5.890648437500000000e+04 1.515836524963378906e+01 1.044582109898328781e-02
5.890651171875000000e+04 1.514565753936767578e+01 1.244980655610561371e-02
5.890848828125000000e+04 1.516177845001220703e+01 1.246030814945697784e-02
5.890849218750000000e+04 1.514413452148437500e+01 1.043800730258226395e-02
5.891151171875000000e+04 1.514411258697509766e+01 1.244881842285394669e-02
5.891151171875000000e+04 1.512563800811767578e+01 1.042827218770980835e-02
5.891247265625000000e+04 1.517027950286865234e+01 1.246598549187183380e-02
5.891249609375000000e+04 1.513078594207763672e+01 1.043093297630548477e-02
5.891346093750000000e+04 1.515280818939208984e+01 1.245442125946283340e-02
5.891346093750000000e+04 1.514476108551025391e+01 1.043834537267684937e-02
5.891452734375000000e+04 1.513203620910644531e+01 1.244120020419359207e-02
5.891452734375000000e+04 1.513232803344726562e+01 1.043173857033252716e-02
