5.830006797027587891e+04 8.776040625572203435e-01 3.698833557963371321e-01
5.830106797027587891e+04 6.622628529771305006e-01 4.174261003732681052e-01
5.830206797027587891e+04 5.311652783362342811e-01 3.948040455579757690e-01
5.830306797027587891e+04 6.615719699573925361e-01 3.698910143971442799e-01
5.830406797027587891e+04 9.088681955751327646e-01 3.649257978796959234e-01
5.830506797027587891e+04 1.173632735363710600e+00 3.696324497461319081e-01
5.830606797027587891e+04 1.421598476114354748e+00 3.794405576586723505e-01
5.830706797027587891e+04 1.493874929679330110e+00 3.623606964945793041e-01
5.830806797027587891e+04 1.363896184288769575e+00 3.319542896747588734e-01
5.830906797027587891e+04 1.117510554704788772e+00 3.180011695623398138e-01
5.831006797027587891e+04 8.987196810087930698e-01 3.363969790935515958e-01
5.831106797027587891e+04 8.726472356861341151e-01 3.787358370423317133e-01
5.831206797027587891e+04 9.199396609117235224e-01 4.093252247571944613e-01
5.831306797027587891e+04 9.347295267138664432e-01 4.022876760363578441e-01
5.831406797027587891e+04 9.245316430586497658e-01 3.632779464125632796e-01
5.831506797027587891e+04 8.122580806972639067e-01 3.261671108007430653e-01
5.831606797027587891e+04 7.967015070186251879e-01 3.055577930808067166e-01
5.831706797027587891e+04 8.780686935156911677e-01 3.255681607127189348e-01
5.831806797027587891e+04 1.184951643772370389e+00 3.651730346679687433e-01
5.831906797027587891e+04 1.304202336686711039e+00 3.830998852849006875e-01
5.832006797027587891e+04 1.032121196596099910e+00 3.751200461387634855e-01
5.832106797027587891e+04 9.327837322142601417e-01 3.061565807461738564e-01
5.832206797027587891e+04 7.683986270319438372e-01 3.014883658289909674e-01
5.832306797027587891e+04 7.596410806770279578e-01 3.098473206162452587e-01
5.832406797027587891e+04 8.732458613017490823e-01 3.280143040418624922e-01
5.832506797027587891e+04 1.134993811210337045e+00 3.673683619499206188e-01
5.832606797027587891e+04 1.168325938136137054e+00 4.173626539111137679e-01
5.832706797027587891e+04 8.330989936403137008e-01 4.012715905904770120e-01
5.832806797027587891e+04 6.734932928597767710e-01 3.515056625008583513e-01
5.832906797027587891e+04 8.143403263111885781e-01 3.202422532439231917e-01
5.833006797027587891e+04 1.153167857838085730e+00 2.861483168601989813e-01
5.833106797027587891e+04 1.310244290136123979e+00 2.769084873795509272e-01
5.833206797027587891e+04 1.309046858641742528e+00 2.730274656414986012e-01
5.833306797027587891e+04 1.298348816318961374e+00 2.715374922752380460e-01
5.833406797027587891e+04 1.244276681417292307e+00 2.514658690989017842e-01
5.833506797027587891e+04 1.204875586096922691e+00 2.618989132344722859e-01
5.833606797790527344e+04 1.226384721261773558e+00 2.844377933442592821e-01
5.833706797790527344e+04 1.250637010388500947e+00 2.906863300502300351e-01
5.833806797790527344e+04 1.173611927870254812e+00 2.857097351551055597e-01
5.833906797790527344e+04 9.578623328941613391e-01 2.692492097616195346e-01
5.834006797790527344e+04 7.781697422506100859e-01 2.495132109522819053e-01
5.834106797790527344e+04 6.785023166880829182e-01 2.449265891313552879e-01
5.834206797790527344e+04 8.819855032414157803e-01 2.672740870714186978e-01
5.834306797790527344e+04 1.124661462898462805e+00 3.065123099088667979e-01
5.834406797790527344e+04 1.322824928349081164e+00 3.161237204074859863e-01
5.834506797790527344e+04 1.347922575847543714e+00 3.154521003365516330e-01
5.834606797790527344e+04 1.289035384621869618e+00 2.979107674956321672e-01
5.834706797790527344e+04 1.241762748516663795e+00 2.898383265733719405e-01
5.834806797790527344e+04 1.183779604780155870e+00 2.769009943306445787e-01
5.834906797790527344e+04 1.210512204108528334e+00 2.469570013880729997e-01
5.835006797790527344e+04 1.314274067410136970e+00 2.190740326046943520e-01
5.835106797790527344e+04 1.391010852176665757e+00 2.135357652604580048e-01
5.835206797790527344e+04 1.362476484685275491e+00 2.146233661472797538e-01
5.835306797790527344e+04 1.277327954271978872e+00 2.381412483751773890e-01
5.835406797790527344e+04 1.123460481454889637e+00 2.641209594905376545e-01
5.835506797790527344e+04 8.507792102102182952e-01 2.813123409450054013e-01
5.835606797790527344e+04 8.430219043004392176e-01 2.632134932279586725e-01
5.835706797790527344e+04 8.305906042071200535e-01 2.239492157101631020e-01
5.835806797790527344e+04 7.845458601431205548e-01 1.818040618300438005e-01
5.835906797790527344e+04 8.140617645204356601e-01 1.759403553605079495e-01
5.836006797790527344e+04 9.380855836793212665e-01 2.020280860364437048e-01
5.836106797790527344e+04 9.582401750712160604e-01 2.477082251012325265e-01
5.836206797790527344e+04 8.673573583496315687e-01 2.697623954713344041e-01
5.836306797790527344e+04 7.519021548864087690e-01 2.328134812414646149e-01
5.836406797790527344e+04 5.972566328387437506e-01 1.810402996838092748e-01
5.836506797790527344e+04 4.821413510883961751e-01 1.644038605690002486e-01
5.836606797790527344e+04 4.178046621629845636e-01 1.806007678806781924e-01
5.836706797790527344e+04 4.166322509103406180e-01 2.351555234193802024e-01
5.836806797790527344e+04 2.621929907359208944e-01 3.465054881572723899e-01
5.836906797790527344e+04 2.969661089739861759e-01 3.444614255428314342e-01
5.837006797790527344e+04 5.315932152038613800e-01 2.828273847699165344e-01
5.837106797790527344e+04 8.021365623940961420e-01 2.002146746218204376e-01
5.837206797790527344e+04 6.688137788746829626e-01 1.811327110230922799e-01
5.837306797790527344e+04 5.600094541985005669e-01 2.350478650629520272e-01
5.837406797790527344e+04 3.783309863986917820e-01 3.513553440570830744e-01
5.837506797790527344e+04 3.087058933959886953e-01 4.155313697457314603e-01
5.837606797790527344e+04 1.802060910851382147e-01 3.890989512205124123e-01
5.837706797790527344e+04 1.596536437615513893e-01 2.933059951663017362e-01
5.837806797790527344e+04 4.371089316009378889e-01 1.768040783703327123e-01
5.837906797790527344e+04 4.154424702627493859e-01 1.150334685295820308e-01
5.838006797790527344e+04 1.983090175596049776e-01 1.133646143972873721e-01
5.838106797790527344e+04 2.554795766931085010e-01 1.727692607045173689e-01
5.838206797790527344e+04 3.323400076444392726e-01 2.932066586613655268e-01
5.838306797790527344e+04 2.604883230844718955e-01 3.284535697102546337e-01
5.838406797790527344e+04 3.618802154087742418e-01 2.848297905921936546e-01
5.838506797790527344e+04 5.353796782024560219e-01 2.429416738450527191e-01
5.838606797790527344e+04 5.957248614064846182e-01 2.002112708985805400e-01
5.838706797790527344e+04 4.856474202609192270e-01 2.202338778972625644e-01
5.838806797790527344e+04 1.050631160055864044e-01 3.263852411508559870e-01
5.838906797790527344e+04 1.825455257092321870e-01 4.117296355962752896e-01
5.839006797790527344e+04 3.193271949339452354e-01 3.711965316534042159e-01
5.839106797790527344e+04 3.409887178095857285e-01 2.877248325943947416e-01
5.839206797790527344e+04 4.960672965900915221e-01 2.297570706903934723e-01
5.839306797790527344e+04 7.655880307317726174e-01 1.965083661675452731e-01
5.839406797790527344e+04 6.607996202573271916e-01 1.957146112620830603e-01
5.839506797790527344e+04 1.810228862582870524e-01 2.170507168769836570e-01
5.839606797790527344e+04 -8.343653108940868313e-02 2.879629294574260756e-01
5.839706797790527344e+04 2.252481151399515491e-01 3.677798429131508007e-01
5.839806797790527344e+04 5.925150838178038226e-01 3.385841229557990939e-01
5.839906797790527344e+04 7.783992593075609312e-01 3.076294085383415311e-01
5.840006797790527344e+04 8.312052703390433450e-01 2.830188773572444583e-01
5.840106797790527344e+04 7.628242495054057271e-01 3.767978778481483326e-01
5.840206797790527344e+04 4.071599440076139609e-01 5.644277027249335887e-01
5.840306797790527344e+04 2.604763478241687302e-01 5.962234997749329413e-01
5.840406797790527344e+04 4.515565379566413018e-01 5.176804476976395453e-01
5.840506797790527344e+04 5.785444412639338951e-01 4.437711131572723566e-01
5.840606797790527344e+04 7.672478854571518347e-01 3.208344358205795221e-01
5.840706797790527344e+04 9.509152110237750755e-01 2.543047454953193398e-01
5.840806797790527344e+04 9.060297153118263003e-01 2.430377571284771110e-01
5.840906797790527344e+04 8.103001898156749760e-01 2.619296176731586434e-01
5.841006797790527344e+04 7.665616799922072566e-01 3.166273733973502535e-01
5.841106797790527344e+04 1.002690977795464011e+00 3.439964422583580150e-01
5.841206797790527344e+04 1.070822965437129959e+00 3.237275701761245794e-01
5.841306797790527344e+04 9.158903301997677326e-01 2.975462266802787470e-01
5.841406797790527344e+04 7.741860112694733953e-01 3.120064043998718728e-01
5.841506797790527344e+04 7.138233654749364110e-01 3.664358690381049888e-01
5.841606797790527344e+04 7.973740107770866947e-01 4.456564536690711398e-01
5.841706797790527344e+04 9.603512367467328392e-01 4.266794052720070951e-01
5.841806797790527344e+04 1.102290231462755177e+00 3.405588686466217152e-01
5.841906797790527344e+04 1.032945110268246758e+00 2.602460891008376853e-01
5.842006797790527344e+04 9.795232626371240814e-01 2.337954171001911663e-01
5.842106797790527344e+04 8.297732107318236405e-01 2.937878930568694757e-01
5.842206797790527344e+04 6.924347055336763646e-01 4.401212799549102384e-01
5.842306797790527344e+04 5.752702900057103941e-01 5.809551927447318409e-01
5.842406797790527344e+04 5.954557709087135997e-01 5.814192181825637018e-01
5.842506797790527344e+04 8.879664886090496978e-01 4.548654684424400796e-01
5.842606797790527344e+04 1.002291286786146429e+00 4.072347494959830949e-01
5.842706797790527344e+04 8.331091413797552248e-01 4.201098203659057728e-01
5.842806797790527344e+04 1.060525532941595017e+00 4.652374550700187905e-01
5.842906797790527344e+04 1.371570847800362980e+00 5.087174248695373047e-01
5.843006797790527344e+04 1.230086541534863631e+00 5.374758166074753429e-01
5.843106797790527344e+04 1.077224898290451760e+00 4.151638433337211387e-01
5.843206797790527344e+04 7.617917872888149144e-01 3.156221818923949929e-01
5.843306797790527344e+04 2.584448865380325477e-01 2.421444992721080991e-01
5.843406797790527344e+04 1.847167954015807023e-01 2.479752372205257238e-01
5.843506797790527344e+04 6.862560607130042678e-01 3.682962664961814681e-01
5.843606797790527344e+04 1.146653136316820865e+00 4.533080795407295471e-01
5.843706797790527344e+04 1.239140934839148223e+00 4.078701412677764315e-01
5.843806797790527344e+04 1.268004750693552118e+00 3.599138796329498513e-01
5.843906797790527344e+04 9.645125475278755189e-01 2.786786532402037997e-01
5.844006797790527344e+04 4.446654497241375736e-01 2.361807927489280312e-01
5.844106797790527344e+04 5.218138033707474532e-01 2.270092302560806075e-01
5.844206797790527344e+04 1.205697667843468102e+00 2.609923826158046523e-01
5.844306797790527344e+04 1.631053467826824255e+00 2.962122234702110890e-01
5.844406797790527344e+04 9.032193881543425507e-01 2.923219665884971841e-01
5.844506797790527344e+04 8.385960193650011663e-01 2.708805283904075489e-01
5.844606797790527344e+04 1.226789983320258015e+00 2.201407651603222160e-01
5.844706797790527344e+04 1.308734964726801620e+00 2.020775087177753560e-01
5.844806797790527344e+04 1.182108439394681909e+00 2.687145014107227281e-01
5.844906797790527344e+04 1.437349077243867734e+00 3.520143491029739113e-01
5.845006797790527344e+04 1.538318261474050042e+00 4.159550088644027310e-01
5.845106797790527344e+04 1.407841844717751201e+00 4.278172788023947848e-01
5.845206797790527344e+04 1.011906957378491123e+00 3.540173268318175803e-01
5.845306797790527344e+04 9.108233773121416910e-01 2.886472450196743145e-01
5.845406797790527344e+04 1.014877467285922874e+00 2.912474954128264626e-01
5.845506797790527344e+04 1.183831052503730330e+00 3.160574659705162048e-01
5.845606797790527344e+04 1.474320816310404902e+00 3.132065448164939592e-01
5.845706797790527344e+04 1.522645454508635421e+00 3.016489005088806019e-01
5.845806797790527344e+04 1.196672806434816438e+00 2.823157569766044928e-01
5.845906797790527344e+04 1.043218127969304909e+00 2.046434009075164817e-01
5.846006797790527344e+04 7.208183515805145491e-01 2.016110874712467305e-01
5.846106797790527344e+04 8.842261352779743344e-01 3.143236836791038491e-01
5.846206797790527344e+04 1.147178846453270840e+00 4.140430095791816645e-01
5.846306797790527344e+04 1.443227800175602482e+00 3.814158365130423944e-01
5.846406796264648438e+04 1.530565520942438251e+00 3.278288862109184354e-01
5.846506796264648438e+04 1.042479700456701019e+00 3.080944615602493331e-01
5.846606796264648438e+04 9.672099395603498406e-01 2.523553638160228596e-01
5.846706796264648438e+04 9.002008656575974932e-01 2.815944766998291215e-01
5.846806796264648438e+04 9.411528587161336334e-01 3.868912175297737344e-01
5.846906796264648438e+04 1.183691838554836506e+00 3.605897358059882984e-01
5.847006796264648438e+04 1.338133756282638309e+00 2.757235197722912035e-01
5.847106796264648438e+04 1.308824017001315676e+00 1.946371589601039731e-01
5.847206796264648438e+04 1.282353496098060042e+00 1.413770173490047355e-01
5.847306796264648438e+04 8.274136373737970285e-01 1.562766967713832833e-01
5.847406796264648438e+04 7.087438767397064021e-01 2.662495876848697818e-01
5.847506796264648438e+04 8.065311522431964919e-01 4.083184295892715587e-01
5.847606796264648438e+04 1.117981688087377190e+00 4.316999685764312256e-01
5.847706796264648438e+04 1.194905253545052615e+00 4.322714516520499428e-01
5.847806796264648438e+04 1.261197343554119943e+00 3.533103322982787953e-01
5.847906796264648438e+04 1.125589413917496007e+00 2.722084778547286810e-01
5.848006796264648438e+04 8.380947981942177272e-01 2.710040193796157126e-01
5.848106796264648438e+04 6.564439964863277854e-01 3.244255757331848122e-01
5.848206796264648438e+04 6.191158768014863867e-01 3.411690613627433866e-01
5.848306796264648438e+04 7.766611353934695927e-01 3.024617639183998508e-01
5.848406796264648438e+04 9.340723967835335984e-01 2.202593611180782285e-01
5.848506796264648438e+04 1.124341560819662300e+00 1.770028562843799502e-01
5.848606796264648438e+04 1.185078335811029282e+00 1.854564008116721952e-01
5.848706796264648438e+04 1.084808999299748500e+00 2.525786115229129991e-01
5.848806796264648438e+04 1.205893948267060312e+00 3.442708116769790938e-01
5.848906796264648438e+04 1.251395851155689964e+00 4.105600529909134155e-01
5.849006796264648438e+04 1.268326380820060884e+00 3.140443816781044450e-01
5.849106796264648438e+04 1.579555734556316260e+00 1.913489939272403628e-01
5.849206796264648438e+04 1.657498167506667563e+00 1.347297502309083850e-01
5.849306796264648438e+04 1.662707855048007000e+00 1.474915286898613176e-01
5.849406796264648438e+04 1.519821435344854921e+00 2.263145127892494113e-01
5.849506796264648438e+04 1.288897953950418618e+00 3.343658533692360213e-01
5.849606796264648438e+04 1.208774142775403737e+00 3.570570030808449258e-01
5.849706796264648438e+04 1.311578705414017998e+00 2.747182495892048215e-01
5.849806796264648438e+04 1.491853053266102958e+00 2.023860418796539218e-01
5.849906796264648438e+04 1.528007505421547618e+00 1.835687141120433685e-01
5.850006796264648438e+04 1.306323959902050413e+00 2.207645186781883040e-01
5.850106796264648438e+04 1.256231604482269448e+00 2.890704232454299194e-01
5.850206796264648438e+04 1.365757922387073053e+00 3.427350136637687950e-01
5.850306796264648438e+04 1.440914855049414856e+00 3.669246250391006159e-01
5.850406796264648438e+04 1.564591668483393372e+00 3.719546389579772572e-01
5.850506796264648438e+04 1.696311383671751383e+00 3.554001960158348350e-01
5.850606796264648438e+04 1.665398070829713806e+00 3.830489537119864951e-01
5.850706796264648438e+04 1.502218429652868226e+00 4.547703576087951949e-01
5.850806796264648438e+04 1.319583304324181805e+00 5.484603959321975308e-01
5.850906796264648438e+04 1.064561634052640038e+00 6.040964299440383378e-01
5.851006796264648438e+04 1.279791230737427066e+00 4.984313890337944142e-01
5.851106796264648438e+04 1.491944034466816005e+00 4.020602563023567555e-01
5.851206796264648438e+04 1.518017579277442630e+00 3.651249223947524714e-01
5.851306796264648438e+04 1.461529885083934222e+00 3.726561594009399903e-01
5.851406796264648438e+04 1.321802469830626325e+00 4.163859745860099548e-01
5.851506796264648438e+04 1.112617784670321130e+00 4.621492463350296842e-01
5.851606796264648438e+04 9.851427091377393808e-01 4.543599587678909257e-01
5.851706796264648438e+04 1.082156558346902830e+00 3.719576060771941917e-01
5.851806796264648438e+04 1.222429611586102860e+00 3.167692524194717363e-01
5.851906796264648438e+04 1.507290392610413532e+00 3.185415568947791987e-01
5.852006796264648438e+04 1.644611814303593045e+00 3.200676566362380959e-01
5.852106796264648438e+04 1.652975923889686616e+00 3.378954169154166909e-01
5.852206796264648438e+04 1.637484031383418914e+00 3.429468786716461381e-01
5.852306796264648438e+04 1.697771874919173474e+00 3.045831939578056979e-01
5.852406796264648438e+04 1.677769597614855890e+00 2.606877660751342751e-01
5.852506796264648438e+04 1.633641776477759100e+00 2.576157002151012176e-01
5.852606796264648438e+04 1.623708831296243771e+00 3.011446604132652083e-01
5.852706796264648438e+04 1.459797640856397516e+00 3.845692032575607766e-01
5.852806796264648438e+04 1.154737688905702164e+00 4.659833598136902677e-01
5.852906796264648438e+04 1.035159378843625300e+00 4.443666750192642456e-01
5.853006796264648438e+04 1.172371645954781494e+00 3.713740488886833058e-01
5.853106796264648438e+04 1.431857723571804630e+00 3.341444873809814586e-01
5.853206796264648438e+04 1.547495618033767784e+00 3.577985432744025251e-01
5.853306796264648438e+04 1.573159922121738052e+00 4.163410487771034285e-01
5.853406796264648438e+04 1.485800170251914354e+00 4.613428369164466192e-01
5.853506796264648438e+04 1.049847823520106083e+00 5.331193971633910733e-01
5.853606796264648438e+04 1.110866571396604829e+00 5.275525608658789833e-01
5.853706796264648438e+04 1.539464804451097679e+00 4.255356648564337929e-01
5.853806796264648438e+04 1.515468347182714393e+00 4.491125541925430342e-01
5.853906796264648438e+04 1.495495907963571014e+00 5.137134054303169606e-01
5.854006796264648438e+04 1.455657424223095964e+00 5.924730971455572925e-01
5.854106796264648438e+04 1.258621543727402203e+00 6.385312193632126654e-01
5.854206796264648438e+04 1.454049654873706965e+00 5.448019593954085416e-01
5.854306796264648438e+04 1.562955725652885430e+00 2.690730208158492731e-01
5.854406796264648438e+04 1.576936521583125250e+00 1.358283387869596293e-01
5.854506796264648438e+04 1.589255205038924146e+00 9.450246743857861065e-02
5.854606796264648438e+04 1.434698248340838367e+00 1.140930492430925203e-01
5.854706796264648438e+04 1.308427777314749019e+00 2.470890732109546628e-01
5.854806796264648438e+04 7.931809117545489674e-01 4.329834285378456049e-01
5.854906796264648438e+04 7.676729480479103085e-01 4.583057990670204584e-01
5.855006796264648438e+04 1.035654464359887283e+00 5.185663393139839927e-01
5.855106796264648438e+04 1.592630536145192011e+00 4.613474512100220193e-01
5.855206796264648438e+04 1.803376157657936130e+00 3.451113817095756708e-01
5.855306796264648438e+04 1.807685079541850870e+00 3.325373077392578258e-01
5.855406796264648438e+04 1.804852481640838224e+00 3.436711201071738775e-01
5.855506796264648438e+04 1.676577180969592185e+00 3.788085541129112555e-01
5.855606796264648438e+04 1.438050129352301143e+00 3.782247206568717934e-01
5.855706796264648438e+04 1.355388035306040129e+00 3.399724832177162259e-01
5.855806796264648438e+04 1.546657756884016077e+00 3.566405487060547719e-01
5.855906796264648438e+04 1.608235279231797543e+00 4.688492056727409651e-01
5.856006796264648438e+04 1.319104434947117932e+00 5.193996340036391990e-01
5.856106796264648438e+04 1.046525086452919862e+00 5.481248417496682457e-01
5.856206796264648438e+04 9.811973010309263943e-01 6.738912594318390292e-01
5.856306796264648438e+04 9.393826276771088946e-01 7.080516433715822178e-01
5.856406796264648438e+04 1.005989745519161094e+00 6.479409801959989945e-01
5.856506796264648438e+04 1.175288483949515683e+00 5.325169286131858915e-01
5.856606796264648438e+04 1.380124037903971645e+00 4.200634291768073902e-01
5.856706796264648438e+04 1.471082861654799068e+00 3.947949552536010875e-01
5.856806796264648438e+04 1.000940245810404194e+00 4.081291079521178200e-01
5.856906796264648438e+04 2.375295226411703875e-01 4.325652036070823381e-01
5.857006796264648438e+04 -9.622373670554948411e-02 4.299816802144050820e-01
5.857106796264648438e+04 9.472428642287430978e-02 3.947497797012329279e-01
5.857206796264648438e+04 4.858326381295020036e-01 3.761868283152580150e-01
5.857306796264648438e+04 6.677155544115337404e-01 4.036428692936896989e-01
5.857406796264648438e+04 5.634006062803039727e-01 4.538960278034210871e-01
5.857506796264648438e+04 4.467109983723864808e-01 5.088729971647263373e-01
5.857606796264648438e+04 3.993719007040703595e-01 5.611297863721846912e-01
5.857706796264648438e+04 5.476391920814693837e-01 5.740767383575439142e-01
5.857806796264648438e+04 6.963991015428222520e-01 5.262424468994141291e-01
5.857906796264648438e+04 6.101681996562138277e-01 4.774458450078963301e-01
5.858006796264648438e+04 4.104082438431373436e-01 4.594390800595283264e-01
5.858106796264648438e+04 2.307927388435928873e-01 4.622296074032782864e-01
5.858206796264648438e+04 1.689600392570561049e-01 4.510556367039680881e-01
5.858306796264648438e+04 2.532085555427801560e-02 4.413925248384474864e-01
5.858406796264648438e+04 -5.070242190621888911e-02 4.136339879035949574e-01
5.858506796264648438e+04 -1.036461935524764094e-01 4.088442930579185841e-01
5.858606796264648438e+04 -1.947358878446604213e-01 4.292574578523636331e-01
5.858706796264648438e+04 -2.255871570198584308e-01 4.595275050401688155e-01
5.858806796264648438e+04 -1.361249321013402180e-01 4.738463079929351451e-01
5.858906796264648438e+04 -6.110357599636653814e-02 4.670216479897499329e-01
5.859006796264648438e+04 -6.009710785015791312e-02 4.386660122871398615e-01
5.859106796264648438e+04 -9.234567911088960301e-02 4.154303121566773060e-01
5.859206796264648438e+04 -1.567293948996228425e-01 4.123870345950126359e-01
5.859306796264648438e+04 -1.841187469575827906e-01 4.292040041089058566e-01
5.859406796264648438e+04 4.062233285259322924e-02 4.446585157513619491e-01
5.859506796264648438e+04 2.803638985896357849e-01 4.300145518779753817e-01
5.859606796264648438e+04 2.305634335228190501e-01 3.929823827743530451e-01
5.859706796264648438e+04 4.023965034783113376e-02 3.676982784271239924e-01
5.859806796264648438e+04 -2.606623105847180044e-01 3.753978365659714211e-01
5.859906796264648438e+04 -5.415644708016716935e-01 3.499122714996337757e-01
5.860006796264648438e+04 -6.317002637023793055e-01 3.418202129006385759e-01
