5.915000079345703125e+04 1.314033008614661568e+01 1.538487389554692815e-03
5.915050079345703125e+04 1.313295003384694404e+01 1.777081190911735872e-03
5.915100079345703125e+04 1.313028780782757110e+01 2.826697598787062012e-03
5.915150079345703125e+04 1.313367302219280930e+01 4.519657233621111880e-03
5.915200079345703125e+04 1.311791809635993644e+01 6.546308929808869470e-03
5.915250079345703125e+04 1.313228623868451983e+01 6.429032876297058677e-03
5.915300079345703125e+04 1.314125034339132192e+01 7.376959904641810020e-03
5.915350079345703125e+04 1.314813504435839064e+01 9.191094023326360288e-03
5.915400079345703125e+04 1.315275653153218016e+01 1.084545830985958297e-02
5.915450079345703125e+04 1.315625986850365514e+01 1.141563837835577258e-02
5.915500079345703125e+04 1.315933244248001621e+01 1.589644858431173494e-02
5.915550079345703125e+04 1.315881401878766788e+01 2.400821461257905687e-02
5.915600079345703125e+04 1.314542049293872772e+01 2.764676740248043357e-02
5.915650079345703125e+04 1.312575940798985208e+01 2.764328226342545672e-02
5.915700079345703125e+04 1.311309894410354282e+01 2.091144982522815526e-02
5.915750079345703125e+04 1.310604119108553256e+01 1.454297205584570082e-02
5.915800079345703125e+04 1.309945101017935620e+01 8.122102732624657956e-03
5.915850079345703125e+04 1.309194259183362163e+01 5.092241403388946333e-03
5.915900079345703125e+04 1.309030265845546381e+01 4.586235972296031152e-03
5.915950079345703125e+04 1.309257963297798355e+01 4.444296652226728712e-03
5.916000079345703125e+04 1.310778203574908041e+01 5.050384366375634468e-03
5.916050079345703125e+04 1.314300744629950479e+01 6.807160519548838447e-03
5.916100079345703125e+04 1.315715976806976606e+01 7.794946588102012915e-03
5.916150079345703125e+04 1.315379210825313194e+01 7.268536071853374733e-03
5.916200079345703125e+04 1.314257650548131551e+01 7.404240823451213767e-03
5.916250079345703125e+04 1.312449789360506003e+01 9.524566166777355750e-03
5.916300079345703125e+04 1.309357027682653474e+01 1.604016873083797395e-02
5.916350079345703125e+04 1.309515736106080475e+01 1.956255890346495982e-02
5.916400079345703125e+04 1.310675031296729465e+01 1.639448901060614264e-02
5.916450079345703125e+04 1.310780962112964509e+01 1.359320526072973004e-02
5.916500079345703125e+04 1.310830353290915440e+01 1.245589553001165764e-02
5.916550079345703125e+04 1.310894960448603008e+01 1.311406393828635705e-02
5.916600079345703125e+04 1.311152812205382290e+01 1.487343864104597770e-02
5.916650079345703125e+04 1.311171258693878094e+01 1.527110944672913431e-02
5.916700079345703125e+04 1.310648794897243263e+01 1.334752007499184420e-02
5.916750079345703125e+04 1.310442328577108029e+01 1.435219711562283305e-02
5.916800079345703125e+04 1.310870807402017668e+01 1.808239202730981682e-02
5.916850079345703125e+04 1.311325390161428395e+01 1.959590066505883382e-02
5.916900079345703125e+04 1.311169892117853486e+01 1.722794715725943851e-02
5.916950079345703125e+04 1.310084940401115006e+01 1.012041597545428398e-02
5.917000079345703125e+04 1.309377951081723523e+01 5.531798066699614679e-03
5.917050079345703125e+04 1.308599360755466989e+01 3.641004037651895259e-03
5.917100079345703125e+04 1.307527122609652892e+01 2.508674791906555755e-03
5.917150079345703125e+04 1.307497722309401667e+01 2.135305158959898732e-03
5.917200079345703125e+04 1.308078068147901263e+01 2.393216148304237040e-03
5.917250079345703125e+04 1.309974824746840483e+01 3.135174249070814875e-03
5.917300079345703125e+04 1.314054244946895622e+01 4.173913645138525516e-03
5.917350079345703125e+04 1.317591558036924226e+01 5.580357300688861162e-03
5.917400079345703125e+04 1.319338957124295320e+01 7.094309163514757322e-03
5.917450079345703125e+04 1.319632727207734568e+01 7.501134227772050800e-03
5.917500079345703125e+04 1.318810304338073713e+01 5.842481836297539095e-03
5.917550079345703125e+04 1.318137733121793076e+01 3.669501246186930576e-03
5.917600079345703125e+04 1.315577872177674656e+01 2.231100972979029127e-03
5.917650079345703125e+04 1.312418097367268999e+01 1.907623907851693779e-03
5.917700079345703125e+04 1.311495334162379400e+01 2.079912749816947414e-03
5.917750079345703125e+04 1.311008917595106560e+01 2.226893602667827290e-03
5.917800079345703125e+04 1.311021283782500468e+01 2.563838163992881048e-03
5.917850079345703125e+04 1.311272433883713440e+01 3.668184289541217939e-03
5.917900079345703125e+04 1.311487471723067877e+01 4.534361763428093953e-03
5.917950079345703125e+04 1.311855514161803526e+01 3.198868637156912411e-03
5.918000079345703125e+04 1.312068748230417903e+01 2.974692942839486740e-03
5.918050079345703125e+04 1.312115364242449900e+01 3.710745439163502975e-03
5.918100079345703125e+04 1.312356655530084915e+01 3.826502254257255729e-03
5.918150079345703125e+04 1.312965478688321852e+01 3.617898942917465496e-03
5.918200079345703125e+04 1.311583659522236367e+01 3.703387148437142611e-03
5.918250079345703125e+04 1.309445183927497247e+01 4.985276817465085497e-03
5.918300079345703125e+04 1.308030990567747232e+01 6.727769755148371549e-03
5.918350079345703125e+04 1.307741298414358688e+01 6.816400431885432168e-03
5.918400079345703125e+04 1.307618565975812430e+01 5.131430511421696851e-03
5.918450079345703125e+04 1.307246085970475846e+01 3.402738072368973431e-03
5.918500079345703125e+04 1.306612368253904677e+01 2.573380938911290841e-03
5.918550079345703125e+04 1.305996182701225017e+01 2.194919302356031741e-03
5.918600079345703125e+04 1.306207758782627337e+01 2.202810207199093744e-03
5.918650079345703125e+04 1.307533837231204998e+01 2.956919730084852944e-03
5.918700079345703125e+04 1.308571011756668412e+01 4.107275093148074832e-03
5.918750079345703125e+04 1.309566898292975168e+01 4.802597120389101061e-03
5.918800079345703125e+04 1.310356218578731102e+01 4.397405668363510434e-03
5.918850079345703125e+04 1.310873848103690165e+01 4.029703733937790681e-03
5.918900079345703125e+04 1.310679014746948745e+01 3.350050651707078744e-03
5.918950079345703125e+04 1.309885912576670997e+01 2.526872910473956096e-03
5.919000079345703125e+04 1.309014958640106663e+01 2.252573521318798795e-03
5.919050079345703125e+04 1.308631616879350723e+01 2.571088802721437951e-03
5.919100079345703125e+04 1.308616574369086649e+01 3.888575656353071737e-03
5.919150079345703125e+04 1.309175696129621080e+01 6.205503506892524716e-03
5.919200079345703125e+04 1.310593153505571706e+01 8.798863099496052539e-03
5.919250079345703125e+04 1.312244381838239526e+01 1.039504713370496478e-02
5.919300079345703125e+04 1.312774074009879932e+01 1.000659846333694022e-02
5.919350079345703125e+04 1.311977341555210863e+01 7.605594464031958934e-03
5.919400079345703125e+04 1.310960653829727462e+01 4.923527528843582232e-03
5.919450079345703125e+04 1.310344419628835055e+01 3.342380408313023847e-03
5.919500079345703125e+04 1.310352158836907499e+01 2.472583895710823640e-03
5.919550079345703125e+04 1.310534275644151059e+01 1.885175184745156675e-03
5.919600079345703125e+04 1.310716546787163495e+01 1.519440120748985620e-03
5.919650079345703125e+04 1.310781258039362385e+01 1.355166981603622266e-03
5.919700079345703125e+04 1.310721103904192297e+01 1.317807948397107642e-03
5.919750079345703125e+04 1.310420001886912900e+01 1.415927406527907025e-03
5.919800079345703125e+04 1.309685558404759220e+01 1.731995768278027413e-03
5.919850079345703125e+04 1.309433766180930014e+01 2.496977329142593873e-03
5.919900079345703125e+04 1.310197360617912032e+01 3.413707144467256066e-03
5.919950079345703125e+04 1.310852695789172984e+01 4.114809099711867757e-03
5.920000079345703125e+04 1.311064470918471692e+01 3.819299106685390081e-03
5.920050079345703125e+04 1.310589467703852762e+01 2.992728794756714054e-03
5.920100079345703125e+04 1.309982893061593145e+01 2.630091466167932580e-03
5.920150079345703125e+04 1.308545699121663120e+01 2.279649179480836788e-03
5.920200079345703125e+04 1.306905416120138774e+01 2.102319776716610362e-03
5.920250079345703125e+04 1.305943626232749644e+01 2.155801219150542923e-03
5.920300079345703125e+04 1.305869267457157967e+01 2.405846391556769326e-03
5.920350079345703125e+04 1.306766611738806816e+01 2.543266846885881491e-03
5.920400079345703125e+04 1.308469500849437139e+01 2.402055729913604547e-03
5.920450079345703125e+04 1.311420467923749378e+01 2.364257910253756301e-03
5.920500079345703125e+04 1.313797165757977226e+01 3.310133072001173078e-03
5.920550079345703125e+04 1.316197159833634522e+01 6.227380516355489858e-03
5.920600079345703125e+04 1.316839840193963695e+01 1.150710866669151823e-02
5.920650079345703125e+04 1.316097696564468755e+01 1.442835172554830445e-02
5.920700079345703125e+04 1.315062888189116030e+01 9.947865330615189919e-03
5.920750079345703125e+04 1.314079026635177705e+01 5.349311542110437093e-03
5.920800079345703125e+04 1.313239004542813682e+01 3.614137821051199156e-03
5.920850079345703125e+04 1.311947185701995089e+01 2.856908221065198282e-03
5.920900079345703125e+04 1.311265007136808336e+01 2.791394726659424032e-03
5.920950079345703125e+04 1.309959006544930382e+01 3.349831865012376560e-03
5.921000079345703125e+04 1.307016732141151039e+01 4.562935908133201185e-03
5.921050079345703125e+04 1.302896463872579069e+01 4.865289658386638683e-03
5.921100079345703125e+04 1.299309977445074615e+01 3.660905617814060650e-03
5.921150079345703125e+04 1.296381608743779879e+01 2.646188807064552180e-03
5.921200079345703125e+04 1.295844945494394018e+01 2.129270034714643434e-03
5.921250079345703125e+04 1.296658248354029297e+01 1.961652189376090691e-03
5.921300079345703125e+04 1.298786749847052846e+01 2.031576308403987459e-03
5.921350079345703125e+04 1.302591991154920059e+01 2.330804814010219595e-03
5.921400079345703125e+04 1.305949310989357670e+01 2.545093731802997115e-03
5.921450079345703125e+04 1.309049589388975576e+01 3.016987489149064623e-03
5.921500079345703125e+04 1.312457168787972250e+01 2.974629007327160915e-03
5.921550079345703125e+04 1.313777504770922810e+01 2.438031802007811950e-03
5.921600079345703125e+04 1.314392332944030706e+01 2.369278299859229730e-03
5.921650079345703125e+04 1.314452515426871493e+01 2.432527220828273936e-03
5.921700079345703125e+04 1.313955741935734700e+01 2.797835180648806062e-03
5.921750079345703125e+04 1.312408038735104121e+01 3.735241799761464341e-03
5.921800079345703125e+04 1.311042152328279542e+01 4.803442945076415345e-03
5.921850079345703125e+04 1.310722798979302617e+01 5.216913822801528405e-03
5.921900079345703125e+04 1.312028185304386341e+01 5.384276761733636577e-03
5.921950079345703125e+04 1.312665326829525902e+01 5.663798278679527641e-03
5.922000079345703125e+04 1.311544855592913272e+01 4.182148297034877713e-03
5.922050079345703125e+04 1.310589066440108219e+01 3.177704544267733692e-03
5.922100079345703125e+04 1.310065110199709970e+01 2.527248703002224744e-03
5.922150079345703125e+04 1.309674387170742094e+01 2.140024233785591933e-03
5.922200079345703125e+04 1.309242286721571347e+01 1.883546691638086478e-03
5.922250079345703125e+04 1.308982758768831367e+01 1.745205071745042306e-03
5.922300079345703125e+04 1.309277899852063953e+01 2.021754758847339305e-03
5.922350079345703125e+04 1.309217728131433667e+01 2.815028204583657108e-03
5.922400079345703125e+04 1.309697018644797417e+01 5.014374631384816219e-03
5.922450079345703125e+04 1.309896309954175386e+01 4.790446469323372987e-03
5.922500079345703125e+04 1.309667860233204451e+01 3.653416460957601558e-03
5.922550079345703125e+04 1.309232657853003801e+01 3.045955098160894707e-03
5.922600079345703125e+04 1.309465356376104239e+01 2.671133315914064020e-03
5.922650079345703125e+04 1.309767307959888960e+01 3.045443879086164648e-03
5.922700079345703125e+04 1.309650021766537975e+01 4.329158109928335149e-03
5.922750079345703125e+04 1.308848169446655874e+01 3.248252113674154808e-03
5.922800079345703125e+04 1.308650995851192356e+01 1.994051596276948547e-03
5.922850085449218750e+04 1.308307363744084206e+01 1.637312096438881762e-03
5.922900085449218750e+04 1.308101383387101890e+01 1.615468156027824453e-03
5.922950085449218750e+04 1.308224307515532381e+01 1.724692039508856582e-03
5.923000085449218750e+04 1.309081109228006845e+01 1.777850969613608027e-03
5.923050085449218750e+04 1.310677277140877450e+01 1.807194771713714230e-03
5.923100085449218750e+04 1.311627422547920219e+01 2.027884180693055767e-03
5.923150085449218750e+04 1.312170826876099738e+01 2.282081234043715438e-03
5.923200085449218750e+04 1.312708173871482309e+01 2.675663987698362768e-03
5.923250085449218750e+04 1.312758205516390220e+01 3.071685875497123797e-03
5.923300085449218750e+04 1.313124496972911182e+01 3.262129306381800903e-03
5.923350085449218750e+04 1.313206794833046054e+01 3.669128772459397895e-03
5.923400085449218750e+04 1.312550354451880530e+01 4.167363408692953061e-03
5.923450085449218750e+04 1.312520641493662410e+01 4.016916870787024668e-03
5.923500085449218750e+04 1.312357209814902070e+01 3.686913785724268196e-03
5.923550085449218750e+04 1.311241949108569216e+01 3.394435446243298290e-03
5.923600085449218750e+04 1.308893586513726426e+01 3.390560332126768724e-03
5.923650085449218750e+04 1.306262279757950573e+01 3.143339186141783613e-03
5.923700085449218750e+04 1.304656058893153237e+01 2.596125168916903377e-03
5.923750085449218750e+04 1.304220616633258345e+01 2.328513792547629024e-03
5.923800085449218750e+04 1.306193139633808187e+01 2.334296521849479021e-03
5.923850085449218750e+04 1.308834390031215555e+01 2.281052662821218043e-03
5.923900085449218750e+04 1.310728744285504277e+01 2.392233013905761211e-03
5.923950085449218750e+04 1.311870462572439600e+01 2.378192318057633942e-03
5.924000085449218750e+04 1.312259923050178756e+01 2.206764092853522562e-03
5.924050085449218750e+04 1.311786594346019719e+01 2.080173055857674220e-03
5.924100085449218750e+04 1.310822213245785584e+01 1.843181701840446813e-03
5.924150085449218750e+04 1.309747040321299139e+01 1.533075244924148733e-03
5.924200085449218750e+04 1.308320185253792900e+01 1.298417865089572520e-03
5.924250085449218750e+04 1.307392905631603952e+01 1.286935457486847786e-03
5.924300085449218750e+04 1.306935547594326330e+01 1.424751462863875408e-03
5.924350085449218750e+04 1.307616855131666966e+01 1.667803810280114960e-03
5.924400085449218750e+04 1.308459294497646219e+01 1.871401546526419574e-03
5.924450085449218750e+04 1.310202615521181713e+01 1.844056315985523288e-03
5.924500085449218750e+04 1.311420346291927252e+01 2.047321014844542646e-03
5.924550085449218750e+04 1.311593279384386967e+01 2.824510037924183019e-03
5.924600085449218750e+04 1.311904879078709563e+01 3.810232443684404523e-03
5.924650085449218750e+04 1.312621309737625630e+01 4.397979740828219727e-03
5.924700085449218750e+04 1.313072387154670118e+01 4.101348253771952557e-03
5.924750085449218750e+04 1.312347043843329786e+01 3.592249481699179292e-03
5.924800085449218750e+04 1.310585522018928195e+01 3.360836867276466213e-03
5.924850085449218750e+04 1.308910084161709442e+01 2.959014720512038749e-03
5.924900085449218750e+04 1.308623574239590148e+01 2.884844102472450787e-03
5.924950085449218750e+04 1.309264029341554902e+01 2.422136657453795913e-03
5.925000085449218750e+04 1.310208623798203931e+01 2.134965867619999236e-03
5.925050085449218750e+04 1.310415529287235614e+01 2.096281190395244461e-03
5.925100085449218750e+04 1.310607215733910103e+01 2.090120811695867203e-03
5.925150085449218750e+04 1.310545292838761000e+01 2.018522272669938736e-03
5.925200085449218750e+04 1.310947619723012814e+01 2.097599605584783613e-03
5.925250085449218750e+04 1.312004824890821730e+01 1.837414095255943212e-03
5.925300085449218750e+04 1.313201623954802777e+01 1.934280795562927412e-03
5.925350085449218750e+04 1.313376703203443085e+01 2.417245653759817706e-03
5.925400085449218750e+04 1.313170705044411513e+01 2.720738226961838101e-03
5.925450085449218750e+04 1.312266418370012389e+01 2.534377278473470396e-03
5.925500085449218750e+04 1.310546391670691690e+01 2.266697259360862891e-03
5.925550085449218750e+04 1.309904998375533580e+01 2.164766695069103228e-03
5.925600085449218750e+04 1.309812962124363622e+01 2.198689427435649140e-03
5.925650085449218750e+04 1.310473584095053390e+01 2.340408667420862919e-03
5.925700085449218750e+04 1.311751655092310820e+01 2.422011633317448787e-03
5.925750085449218750e+04 1.311989277972522139e+01 2.559951139523718080e-03
5.925800085449218750e+04 1.312011635428537737e+01 3.211433086867680232e-03
5.925850085449218750e+04 1.312261051505008069e+01 4.701520551708745360e-03
5.925900085449218750e+04 1.312410360834370060e+01 5.026463577525207456e-03
5.925950085449218750e+04 1.312758730683934516e+01 3.628534591477921428e-03
5.926000085449218750e+04 1.311618914844228634e+01 3.201529747424014007e-03
5.926050085449218750e+04 1.310748408274255361e+01 3.005012977150185033e-03
5.926100085449218750e+04 1.310562993134940868e+01 3.135350884202775523e-03
5.926150085449218750e+04 1.310660154874322103e+01 3.152126166609060635e-03
5.926200085449218750e+04 1.310870669334263461e+01 3.084764127111107486e-03
5.926250085449218750e+04 1.311323229086699627e+01 2.925794203703136181e-03
5.926300085449218750e+04 1.312276942440584371e+01 2.494680489343333203e-03
5.926350085449218750e+04 1.312392483889679795e+01 2.165391370295923282e-03
5.926400085449218750e+04 1.311424225854211301e+01 2.283878137888897385e-03
5.926450085449218750e+04 1.311058246897028567e+01 2.558393763345707343e-03
5.926500085449218750e+04 1.311199173227611503e+01 2.774321692687247570e-03
5.926550085449218750e+04 1.311692729283230463e+01 2.808403550513356370e-03
5.926600085449218750e+04 1.312112540717254028e+01 2.719290579421022522e-03
5.926650085449218750e+04 1.312515892379054527e+01 2.740552972659559931e-03
5.926700085449218750e+04 1.312918581093561521e+01 2.887180824035477048e-03
5.926750085449218750e+04 1.313296863932163916e+01 3.117272315404048724e-03
5.926800085449218750e+04 1.313809467147357246e+01 3.284406435360985674e-03
5.926850085449218750e+04 1.314526728913738651e+01 3.322499747565427122e-03
5.926900085449218750e+04 1.314976114455618017e+01 3.226709963808738028e-03
5.926950085449218750e+04 1.314927708248470672e+01 3.025100403162020012e-03
5.927000085449218750e+04 1.314603481433872290e+01 2.795177342481560724e-03
5.927050085449218750e+04 1.314110978832196786e+01 2.351078371235978091e-03
5.927100085449218750e+04 1.314199490750496579e+01 2.224248465293011869e-03
5.927150085449218750e+04 1.315105288080706991e+01 2.374633549415646350e-03
5.927200085449218750e+04 1.315544047299129105e+01 2.921544987556960130e-03
5.927250085449218750e+04 1.315725232201252126e+01 4.094184692462357264e-03
5.927300085449218750e+04 1.315086026206300396e+01 6.183433098937532110e-03
5.927350085449218750e+04 1.313526158653333198e+01 7.060184366830373100e-03
5.927400085449218750e+04 1.312559143287993280e+01 5.153751217653438493e-03
5.927450085449218750e+04 1.312364174594191368e+01 3.985440095641999345e-03
5.927500085449218750e+04 1.312462283884613257e+01 3.620300843180458087e-03
5.927550085449218750e+04 1.312458470791789189e+01 3.438365315134305020e-03
5.927600085449218750e+04 1.312372102234781757e+01 3.532423185432989523e-03
5.927650085449218750e+04 1.312763486663028623e+01 4.235491524531977831e-03
5.927700085449218750e+04 1.313479490187706489e+01 5.008115625925268696e-03
5.927750085449218750e+04 1.314337615242299684e+01 5.059627315086507801e-03
5.927800085449218750e+04 1.314432742303445067e+01 4.674595061282382086e-03
5.927850085449218750e+04 1.313959205108118411e+01 4.382317631062617250e-03
5.927900085449218750e+04 1.313428582104310749e+01 4.883807934127541370e-03
5.927950085449218750e+04 1.312593968218260265e+01 6.151754631647500526e-03
5.928000085449218750e+04 1.311203069631490337e+01 5.572908414386595032e-03
5.928050085449218750e+04 1.310500613430707340e+01 5.004941540442215883e-03
5.928100085449218750e+04 1.310926524196185738e+01 4.699259844040555231e-03
5.928150085449218750e+04 1.311593380949810772e+01 3.982709207546988352e-03
5.928200085449218750e+04 1.312090669978748636e+01 3.050902902499313431e-03
5.928250085449218750e+04 1.312212462848812322e+01 2.691561189260251001e-03
5.928300085449218750e+04 1.312050548628870850e+01 3.021428753904871305e-03
5.928350085449218750e+04 1.311317786856196577e+01 3.625453477820624916e-03
5.928400085449218750e+04 1.310772739002871390e+01 4.805700578881926324e-03
5.928450085449218750e+04 1.311323470696915727e+01 6.391447927229740658e-03
5.928500085449218750e+04 1.312788436773644030e+01 7.230677040498241503e-03
5.928550085449218750e+04 1.313479044248803618e+01 6.406727929538433286e-03
5.928600085449218750e+04 1.313473777607353199e+01 4.737828319043962608e-03
5.928650085449218750e+04 1.313732966503881450e+01 3.148954581278794879e-03
5.928700085449218750e+04 1.312881448255523864e+01 2.658726991955984078e-03
5.928750085449218750e+04 1.311900560479871025e+01 3.190626988719005332e-03
5.928800085449218750e+04 1.312055393144849447e+01 4.223927372755154584e-03
5.928850085449218750e+04 1.313393610748976137e+01 4.354713036684134536e-03
5.928900085449218750e+04 1.314687924129249552e+01 4.811104268662819497e-03
5.928950085449218750e+04 1.315758661517119421e+01 6.107864787706307474e-03
5.929000085449218750e+04 1.315482702225934375e+01 7.250834919498861005e-03
5.929050085449218750e+04 1.314868252215278233e+01 5.739092282796403807e-03
5.929100085449218750e+04 1.314413140264948332e+01 4.363380679722803253e-03
5.929150085449218750e+04 1.313575264035470269e+01 4.771033485569031209e-03
5.929200085449218750e+04 1.313071603689353672e+01 7.926188515054291561e-03
5.929250085449218750e+04 1.313046776847827601e+01 1.230512028544361938e-02
5.929300085449218750e+04 1.313919686883063598e+01 1.175936031214589762e-02
5.929350085449218750e+04 1.314615450038873234e+01 9.983387154727236049e-03
5.929400085449218750e+04 1.314304304831509107e+01 7.087433525800339654e-03
5.929450085449218750e+04 1.314472426284683415e+01 5.992178305040370481e-03
5.929500085449218750e+04 1.314380913518310123e+01 5.698501163366449622e-03
5.929550085449218750e+04 1.314322204879229972e+01 5.652248439740018178e-03
5.929600085449218750e+04 1.315451170661098068e+01 7.171144684563710361e-03
5.929650085449218750e+04 1.314171701889316779e+01 6.480393929018539272e-03
5.929700085449218750e+04 1.313817325527987911e+01 5.481997294685813683e-03
5.929750085449218750e+04 1.314558181462386699e+01 4.573370488370160497e-03
5.929800085449218750e+04 1.315836909211386896e+01 3.935418973951674074e-03
5.929850085449218750e+04 1.316744817805980539e+01 3.891087089612219226e-03
5.929900085449218750e+04 1.317381034000111129e+01 5.087355564160656561e-03
5.929950085449218750e+04 1.316984924172320071e+01 7.357141747816564950e-03
5.930000085449218750e+04 1.315624605022877347e+01 8.007325543811163668e-03
5.930050085449218750e+04 1.313868191504936789e+01 7.796073225172586892e-03
5.930100085449218750e+04 1.313949868000050714e+01 8.578750795342367924e-03
5.930150085449218750e+04 1.315304613520470767e+01 1.131747090433448885e-02
5.930200085449218750e+04 1.314833618840624219e+01 1.069224692216993143e-02
5.930250085449218750e+04 1.313940504756769911e+01 8.122174357913385795e-03
5.930300085449218750e+04 1.313984113491554773e+01 7.823837017502660932e-03
5.930350085449218750e+04 1.314916974568648023e+01 1.292686547753734393e-02
5.930400085449218750e+04 1.315095629001341315e+01 1.742360153622743088e-02
5.930450085449218750e+04 1.314331286068088467e+01 1.958593118156823007e-02
5.930500085449218750e+04 1.313093898536876480e+01 1.767267078343641093e-02
5.930550085449218750e+04 1.311940607077071697e+01 1.122183632083267185e-02
5.930600085449218750e+04 1.314044409982207284e+01 9.082446712238650965e-03
5.930650085449218750e+04 1.316395850915242960e+01 1.001937514466796908e-02
5.930700085449218750e+04 1.316013084074821471e+01 1.162427083511347742e-02
5.930750085449218750e+04 1.317136527751780939e+01 4.710512310909466607e-03
5.930800085449218750e+04 1.317176168332003172e+01 4.346866186066314711e-03
5.930850085449218750e+04 1.314510764611692295e+01 4.284470998786604062e-03
5.930900085449218750e+04 1.313183148916595400e+01 5.590898404718610583e-03
5.930950085449218750e+04 1.312684235541551381e+01 6.678192882407278652e-03
5.931000085449218750e+04 1.312009517172554851e+01 7.170626430116245828e-03
5.931050085449218750e+04 1.313431625165186922e+01 8.504739651938892503e-03
5.931100085449218750e+04 1.315316847929911681e+01 9.377844138197817536e-03
5.931150085449218750e+04 1.315963587572019833e+01 9.527609665919487339e-03
5.931200085449218750e+04 1.314440923323363819e+01 7.432536039904795618e-03
5.931250085449218750e+04 1.314884637916738086e+01 4.747142940145640359e-03
5.931300085449218750e+04 1.315502478801526998e+01 2.626136322208398686e-03
5.931350085449218750e+04 1.315059198116620820e+01 1.826332773408531184e-03
5.931400085449218750e+04 1.314267283854497670e+01 1.755634976160062562e-03
5.931450085449218750e+04 1.313521794840772117e+01 2.335387128370441413e-03
5.931500085449218750e+04 1.311740022954164253e+01 2.404102687382832920e-03
5.931550085449218750e+04 1.312890038247330438e+01 2.884211839656650438e-03
5.931600085449218750e+04 1.313484839190438791e+01 3.223643388284140078e-03
5.931650085449218750e+04 1.314167669942893291e+01 4.511862000328348624e-03
5.931700085449218750e+04 1.314393099053989289e+01 6.931964158665361760e-03
5.931750085449218750e+04 1.314178691327946780e+01 9.747097774379416199e-03
5.931800085449218750e+04 1.313951538552960230e+01 1.237572174281964879e-02
5.931850085449218750e+04 1.313359487999490050e+01 1.190221896457606052e-02
5.931900085449218750e+04 1.312476514883527123e+01 9.113524018366733065e-03
5.931950085449218750e+04 1.314818686646055035e+01 1.055760075146833579e-02
5.932000085449218750e+04 1.315226006305201523e+01 1.211962496994054006e-02
5.932050085449218750e+04 1.314982312807703480e+01 1.126306744059756351e-02
5.932100085449218750e+04 1.314378102179917640e+01 9.667017702109708885e-03
5.932150085449218750e+04 1.313718039981429619e+01 6.923082714586567543e-03
5.932200085449218750e+04 1.312306285087062996e+01 5.066471179177247167e-03
5.932250085449218750e+04 1.311995258781180773e+01 5.099885610725257874e-03
5.932300085449218750e+04 1.312590180961067254e+01 5.259285653973395230e-03
5.932350085449218750e+04 1.313448898899378570e+01 6.056578098571725396e-03
5.932400085449218750e+04 1.314374273564285822e+01 7.189535994951706463e-03
5.932450085449218750e+04 1.314902581914136803e+01 8.959594306318789322e-03
5.932500085449218750e+04 1.315215406370047191e+01 1.093590446832190706e-02
5.932550085449218750e+04 1.315335008461993738e+01 1.203045259864636042e-02
5.932600085449218750e+04 1.315009472810291591e+01 1.173966212358669610e-02
5.932650085449218750e+04 1.312509654832497397e+01 6.959440455200437137e-03
5.932700085449218750e+04 1.310498688096226338e+01 3.535164766544130616e-03
5.932750085449218750e+04 1.310862874588243443e+01 2.797859434667489265e-03
5.932800085449218750e+04 1.312273804585786152e+01 3.553479403057362238e-03
5.932850085449218750e+04 1.313805007207581355e+01 4.223311816521782905e-03
5.932900085449218750e+04 1.313771355356376702e+01 4.165612987300588467e-03
5.932950085449218750e+04 1.313563307582074735e+01 5.799911695880524687e-03
5.933000085449218750e+04 1.313096472599900721e+01 1.912747526253780889e-02
5.933050085449218750e+04 1.315251473561529671e+01 1.254836582247126700e-02
5.933100085449218750e+04 1.316435458899391087e+01 1.517091911359176246e-02
5.933150085449218750e+04 1.316556063803898802e+01 2.201088958161143833e-02
5.933200085449218750e+04 1.316513650321510376e+01 2.318284106484986423e-02
5.933250085449218750e+04 1.316364334105193379e+01 2.449914902298831396e-02
5.933300085449218750e+04 1.316203930672275391e+01 2.728241149479596062e-02
5.933350085449218750e+04 1.316136782942203354e+01 2.520849226969941112e-02
5.933400085449218750e+04 1.316037406036511648e+01 1.773203317794186037e-02
5.933450085449218750e+04 1.314583405719631770e+01 9.682712335601795922e-03
5.933500085449218750e+04 1.312849342815465548e+01 6.494317725278612660e-03
5.933550085449218750e+04 1.312810884125399191e+01 7.464458263080127332e-03
5.933600085449218750e+04 1.313959484116637277e+01 1.012034128069340053e-02
5.933650085449218750e+04 1.315363025135736841e+01 1.450458481509424649e-02
5.933700085449218750e+04 1.315135240566890218e+01 1.177220718831855847e-02
5.933750085449218750e+04 1.314328260435314277e+01 7.142008650061941813e-03
5.933800085449218750e+04 1.313989143847206265e+01 8.296911904394549397e-03
5.933850085449218750e+04 1.313741819525121990e+01 1.317855515979705384e-02
5.933900085449218750e+04 1.313706924433493484e+01 1.922071893251129510e-02
5.933950085449218750e+04 1.314153901670434266e+01 1.167890260244210457e-02
5.934000085449218750e+04 1.313839009090985321e+01 4.694433747392329041e-03
5.934050085449218750e+04 1.313371027473693609e+01 3.502841056422126981e-03
5.934100085449218750e+04 1.313637114942432405e+01 3.376007651602285463e-03
5.934150085449218750e+04 1.314610429840367267e+01 4.620079482652715563e-03
5.934200085449218750e+04 1.314971748447641886e+01 9.140232781700039638e-03
5.934250085449218750e+04 1.314848223267046556e+01 9.316659982708168017e-03
5.934300085449218750e+04 1.314669527770207580e+01 6.462597351428121459e-03
5.934350085449218750e+04 1.314098291981256139e+01 4.770063971448213272e-03
5.934400085449218750e+04 1.313791760126341224e+01 3.931395361038697057e-03
5.934450085449218750e+04 1.314048589697770986e+01 3.599865312841445293e-03
5.934500085449218750e+04 1.314433185251357727e+01 3.721099130051420869e-03
5.934550085449218750e+04 1.314758561305996132e+01 4.517275933826177259e-03
5.934600085449218750e+04 1.314778029293920625e+01 5.933896054010216574e-03
5.934650085449218750e+04 1.314924279654848327e+01 6.605020012648040242e-03
5.934700085449218750e+04 1.314187372247719843e+01 6.582066445387652238e-03
5.934750085449218750e+04 1.312843684531033617e+01 6.140319455164137269e-03
5.934800085449218750e+04 1.312046583451063242e+01 5.798332821444996017e-03
5.934850085449218750e+04 1.311743857943177005e+01 5.171184864283310395e-03
5.934900085449218750e+04 1.312015948494643069e+01 4.684536957258733647e-03
5.934950085449218750e+04 1.312527006823421161e+01 5.632068908021490954e-03
5.935000085449218750e+04 1.313376245626222705e+01 1.273549886434392764e-02
5.935050085449218750e+04 1.313221019845512672e+01 7.658765468929027223e-03
5.935100085449218750e+04 1.312310416225971821e+01 2.682559055951549108e-03
5.935150085449218750e+04 1.311815083408122895e+01 1.883136847356602734e-03
5.935200085449218750e+04 1.312193410498826118e+01 2.044814246411092752e-03
5.935250085449218750e+04 1.313050794165047996e+01 3.091156615248577197e-03
5.935300085449218750e+04 1.314462564791330124e+01 5.899653256474988311e-03
5.935350085449218750e+04 1.314494629439845674e+01 9.688301089614778996e-03
5.935400085449218750e+04 1.313923165824232697e+01 1.329817921661852198e-02
5.935450085449218750e+04 1.312055168687786200e+01 7.020987600440781531e-03
5.935500085449218750e+04 1.311945293400884971e+01 4.703846355265267967e-03
5.935550085449218750e+04 1.313659898151607308e+01 6.752016837077816358e-03
5.935600085449218750e+04 1.315024383301085820e+01 1.043584139445667171e-02
5.935650085449218750e+04 1.315943565328607967e+01 1.150118707946598887e-02
5.935700085449218750e+04 1.317789357822013585e+01 1.138868459065270171e-02
5.935750085449218750e+04 1.319801842592152319e+01 1.405370540897679307e-02
5.935800085449218750e+04 1.320887639824999660e+01 1.356432645647646408e-02
5.935850085449218750e+04 1.313132764261252916e+01 8.354098166158516539e-03
5.935900085449218750e+04 1.309934690426954873e+01 7.470540286524264724e-03
5.935950085449218750e+04 1.310199245276773716e+01 7.054263376779792982e-03
5.936000085449218750e+04 1.311305180689080174e+01 7.335674652241774840e-03
5.936050085449218750e+04 1.312095504102464538e+01 5.881149557195963426e-03
5.936100085449218750e+04 1.312947040383466479e+01 4.112430393685613007e-03
5.936150085449218750e+04 1.314875864536289107e+01 4.708884152333195523e-03
5.936200085449218750e+04 1.316705571923524332e+01 6.640254419738443603e-03
5.936250085449218750e+04 1.314577886715136934e+01 1.237542714518799838e-02
5.936300085449218750e+04 1.314640844088895477e+01 1.112387016753290346e-02
5.936350085449218750e+04 1.315673265263453473e+01 7.909972302494001559e-03
5.936400085449218750e+04 1.315454883386104790e+01 5.358044902633615596e-03
5.936450085449218750e+04 1.314918352753212005e+01 4.117833129779585946e-03
5.936500085449218750e+04 1.314238987589098784e+01 4.435759044592988212e-03
5.936550085449218750e+04 1.314038201766111236e+01 7.686700961448579908e-03
5.936600085449218750e+04 1.314869234000634712e+01 1.185458598194247259e-02
5.936650085449218750e+04 1.315621368474802644e+01 9.463110460924541861e-03
5.936700085449218750e+04 1.315162746891952139e+01 5.960145399814912107e-03
5.936750085449218750e+04 1.314744074575327737e+01 3.827292244596823632e-03
5.936800085449218750e+04 1.314489733741629252e+01 3.088496031479250233e-03
5.936850085449218750e+04 1.313859450664354078e+01 3.977410928174979383e-03
5.936900085449218750e+04 1.314118683400207921e+01 6.000999413965747015e-03
5.936950085449218750e+04 1.315575379595448879e+01 6.588759648264458195e-03
5.937000085449218750e+04 1.315894363413532453e+01 7.019105671662457732e-03
5.937050085449218750e+04 1.315338129022303981e+01 8.836304550553477494e-03
5.937100085449218750e+04 1.314921218656404100e+01 8.040845581301876016e-03
5.937150085449218750e+04 1.314853441806977941e+01 7.343043093304820954e-03
5.937200085449218750e+04 1.315493811172710004e+01 7.567266966083383006e-03
5.937250085449218750e+04 1.316089845680167691e+01 6.923677097813359452e-03
5.937300085449218750e+04 1.315508674881538198e+01 5.598076193072535831e-03
5.937350085449218750e+04 1.314540935598010307e+01 4.958405243630165452e-03
5.937400085449218750e+04 1.314111659235270757e+01 4.883947613318003617e-03
5.937450085449218750e+04 1.314398443316978060e+01 5.209185244944114328e-03
5.937500085449218750e+04 1.315704017864625186e+01 5.636867071243668349e-03
5.937550085449218750e+04 1.316119170680204498e+01 6.569642553194032786e-03
5.937600085449218750e+04 1.315279044460021751e+01 7.418036351707979828e-03
5.937650085449218750e+04 1.314898408763128224e+01 7.526049876380809869e-03
5.937700085449218750e+04 1.313531449852185240e+01 5.901515164567399177e-03
5.937750085449218750e+04 1.312035745925142649e+01 3.635762384707179155e-03
5.937800085449218750e+04 1.310890109579603546e+01 2.364369487539343812e-03
5.937850085449218750e+04 1.310981785300987923e+01 1.916343088173512151e-03
5.937900085449218750e+04 1.311900704807728424e+01 2.060220822489755750e-03
5.937950085449218750e+04 1.312221469109061722e+01 2.779972667338127378e-03
5.938000085449218750e+04 1.311142080904848228e+01 4.711948154915350170e-03
5.938050085449218750e+04 1.311028493224230829e+01 5.983078476559250576e-03
5.938100085449218750e+04 1.311288705949388955e+01 6.509703860760375667e-03
5.938150085449218750e+04 1.311514157629515331e+01 6.679712512665000705e-03
5.938200085449218750e+04 1.311800128816299882e+01 6.627575526871054730e-03
5.938250085449218750e+04 1.312300456313285579e+01 6.191436841682230671e-03
5.938300085449218750e+04 1.312906671232604516e+01 6.140002493839099261e-03
5.938350085449218750e+04 1.313510726277664453e+01 7.381711543289959029e-03
5.938400085449218750e+04 1.314576866313912085e+01 7.102494844582788250e-03
5.938450085449218750e+04 1.316055477978360599e+01 5.113709111613806008e-03
5.938500085449218750e+04 1.316663868385699487e+01 3.721088869611061979e-03
5.938550085449218750e+04 1.316382142466995653e+01 3.085017655904315030e-03
5.938600085449218750e+04 1.315052353428687759e+01 2.997866755692329098e-03
5.938650085449218750e+04 1.313518774166086978e+01 3.403905396292571713e-03
5.938700085449218750e+04 1.311996125660916412e+01 4.612190443987410592e-03
5.938750085449218750e+04 1.311134645503148732e+01 6.215669044963983113e-03
5.938800085449218750e+04 1.310830714317159007e+01 6.574469057973134425e-03
5.938850085449218750e+04 1.310738123683349166e+01 6.373032442412690513e-03
5.938900085449218750e+04 1.311066314794737941e+01 5.879646789849173570e-03
5.938950085449218750e+04 1.311764391561825427e+01 5.041368483858709240e-03
5.939000085449218750e+04 1.312978526812419666e+01 4.443098202819323328e-03
5.939050085449218750e+04 1.314624838601574552e+01 3.585507254534937762e-03
5.939100085449218750e+04 1.316017603044529949e+01 3.017832520088658578e-03
5.939150085449218750e+04 1.316162309213316206e+01 2.987201461233081334e-03
5.939200085449218750e+04 1.315527399255300622e+01 2.789008551475778610e-03
5.939250085449218750e+04 1.314577407033198675e+01 2.330098211452339210e-03
5.939300085449218750e+04 1.313253411773590784e+01 2.026149833832648420e-03
5.939350085449218750e+04 1.311415135152572553e+01 2.415749786425342403e-03
5.939400085449218750e+04 1.308275674591276783e+01 3.944047745691425279e-03
5.939450085449218750e+04 1.305581391048359663e+01 7.197033876073888163e-03
5.939500085449218750e+04 1.303957192957207667e+01 1.122066994855170155e-02
5.939550085449218750e+04 1.303423907441626461e+01 1.318892887246846113e-02
5.939600085449218750e+04 1.303943124499353523e+01 1.276266145535531402e-02
5.939650085449218750e+04 1.305480333685703975e+01 1.201902028379474643e-02
5.939700085449218750e+04 1.308240312411996520e+01 1.277574945844716162e-02
5.939750085449218750e+04 1.311720409535486453e+01 1.049780193328174981e-02
5.939800085449218750e+04 1.313146659842008823e+01 8.731497750011266157e-03
5.939850085449218750e+04 1.313238390191133931e+01 8.320058646648847284e-03
5.939900085449218750e+04 1.312602228216873357e+01 8.391821756461770657e-03
5.939950085449218750e+04 1.312595095718390503e+01 7.311465001078496298e-03
5.940000085449218750e+04 1.312694615075785975e+01 4.993431696701492936e-03
5.940050085449218750e+04 1.312732710596702823e+01 3.414729013137603013e-03
5.940100085449218750e+04 1.313280942156076669e+01 2.703227017135949664e-03
5.940150085449218750e+04 1.313633122761381244e+01 2.773497558986334419e-03
5.940200085449218750e+04 1.313549360297802338e+01 3.329537538021588253e-03
5.940250085449218750e+04 1.313196146265470787e+01 3.743427438822262941e-03
5.940300085449218750e+04 1.312312276805354294e+01 3.660275091077397520e-03
5.940350085449218750e+04 1.310222087136705049e+01 3.416234481891146542e-03
5.940400085449218750e+04 1.308089159813201086e+01 3.274726723780554960e-03
5.940450085449218750e+04 1.307722910048583920e+01 3.213248862691443601e-03
5.940500085449218750e+04 1.308916066048659133e+01 2.706176738289393403e-03
5.940550085449218750e+04 1.310266810514044700e+01 2.077156832650534166e-03
5.940600085449218750e+04 1.311236293927598773e+01 1.656990584063684031e-03
5.940650085449218750e+04 1.311755159831007056e+01 1.512072969841393331e-03
5.940700085449218750e+04 1.312036781117109108e+01 1.514582412561428591e-03
5.940750085449218750e+04 1.312381154303989206e+01 1.568048482657509067e-03
5.940800085449218750e+04 1.312414364783213117e+01 1.621062148360843296e-03
5.940850085449218750e+04 1.312964272635966800e+01 1.641290928189231097e-03
5.940900085449218750e+04 1.313495387834907291e+01 1.762951390722679703e-03
5.940950085449218750e+04 1.312268828312505242e+01 2.724218614372692950e-03
5.941000085449218750e+04 1.311028162052358503e+01 4.810685793325010159e-03
5.941050085449218750e+04 1.310356700416494036e+01 5.995014556780709977e-03
5.941100085449218750e+04 1.309582406226352447e+01 6.891899980615297239e-03
5.941150085449218750e+04 1.308674014507194805e+01 8.189915551362215301e-03
5.941200085449218750e+04 1.308244110050224407e+01 8.434693900454263288e-03
5.941250085449218750e+04 1.308017604501955411e+01 9.145244785691786227e-03
5.941300085449218750e+04 1.307805393501864977e+01 8.074204792661630534e-03
5.941350085449218750e+04 1.308136777854415733e+01 4.911052504831470850e-03
5.941400085449218750e+04 1.308986048697655136e+01 3.571848255484850153e-03
5.941450085449218750e+04 1.309301159165390338e+01 3.431398634761230991e-03
5.941500085449218750e+04 1.311492155639296975e+01 4.339853027643864915e-03
5.941550085449218750e+04 1.313318867486224839e+01 7.332530181550916959e-03
5.941600085449218750e+04 1.311122628372456944e+01 9.450046477338035558e-03
5.941650085449218750e+04 1.309407197390334332e+01 9.678952271372182753e-03
5.941700085449218750e+04 1.308288478615451034e+01 9.443107403695607388e-03
5.941750085449218750e+04 1.307934429986397440e+01 9.238722075380428889e-03
5.941800085449218750e+04 1.308895983990718470e+01 1.010331678463580185e-02
5.941850085449218750e+04 1.310584022287466688e+01 1.194075117297264087e-02
5.941900085449218750e+04 1.311680776929421199e+01 1.382691217601114339e-02
5.941950085449218750e+04 1.310918202352816486e+01 1.274202509311362155e-02
5.942000085449218750e+04 1.309205311614548251e+01 9.612752989196263545e-03
5.942050085449218750e+04 1.307454020716136078e+01 7.205253786578361477e-03
5.942100085449218750e+04 1.307502352122316935e+01 5.986350032227012383e-03
5.942150085449218750e+04 1.308834200876014542e+01 5.837768410755343057e-03
5.942200085449218750e+04 1.310286554929939129e+01 6.420695684017057106e-03
5.942250085449218750e+04 1.311290136974508691e+01 7.948390501326943122e-03
5.942300085449218750e+04 1.312110043213477439e+01 1.044240838169518612e-02
5.942350085449218750e+04 1.312379650141324738e+01 1.376303855163103773e-02
5.942400085449218750e+04 1.312111786846297079e+01 1.345570959805395504e-02
5.942450085449218750e+04 1.311260317487890781e+01 1.029203724117493807e-02
5.942500085449218750e+04 1.310407653405390427e+01 6.471857249769404075e-03
5.942550085449218750e+04 1.309701394525225027e+01 4.417323668085221602e-03
5.942600085449218750e+04 1.309158377077044477e+01 4.002627390191835360e-03
5.942650085449218750e+04 1.309050025741840528e+01 4.707657183926295709e-03
5.942700085449218750e+04 1.308267701788297188e+01 6.680881123486051738e-03
5.942750085449218750e+04 1.307081768477694084e+01 8.934908774685869359e-03
5.942800085449218750e+04 1.306991533518077730e+01 8.282343460210317074e-03
5.942850085449218750e+04 1.307736872831800490e+01 6.840868312723890135e-03
5.942900085449218750e+04 1.308492734435210103e+01 5.880694805566711106e-03
5.942950085449218750e+04 1.308950885069507741e+01 5.284073479020632430e-03
5.943000085449218750e+04 1.308814423181133080e+01 4.872216009239946008e-03
5.943050085449218750e+04 1.309158235017572025e+01 4.656607006126700816e-03
5.943100085449218750e+04 1.310813184614297100e+01 4.736264346706926635e-03
5.943150085449218750e+04 1.311133763403208441e+01 4.476326001805383190e-03
5.943200085449218750e+04 1.310880158930144646e+01 3.893848001932030591e-03
5.943250085449218750e+04 1.310655675385300256e+01 3.274527870701576977e-03
5.943300085449218750e+04 1.310561059148359853e+01 2.883891632848945528e-03
5.943350085449218750e+04 1.310006811872282384e+01 2.599157588420409996e-03
5.943400085449218750e+04 1.308525320232106104e+01 2.661302536387535021e-03
5.943450085449218750e+04 1.306381079486263985e+01 3.271498034512528106e-03
5.943500085449218750e+04 1.305147963946462930e+01 4.037894980080959303e-03
5.943550085449218750e+04 1.303390707792409486e+01 6.452668723911712638e-03
5.943600085449218750e+04 1.303622902299068897e+01 7.233846546132497238e-03
5.943650085449218750e+04 1.304869310476822264e+01 6.071964156235423911e-03
5.943700085449218750e+04 1.306147766900832785e+01 5.172512204107548341e-03
5.943750085449218750e+04 1.307014859785338246e+01 3.883237320810888158e-03
5.943800085449218750e+04 1.308266201585983346e+01 2.726910405296458211e-03
5.943850085449218750e+04 1.308944421060091479e+01 2.934479066672387049e-03
5.943900085449218750e+04 1.309373297879480802e+01 3.616012594697257197e-03
5.943950085449218750e+04 1.309283290693891466e+01 4.294913241463770882e-03
5.944000085449218750e+04 1.308202309255760198e+01 4.382671201212105447e-03
5.944050085449218750e+04 1.308381239238017102e+01 4.292680346455998545e-03
5.944100085449218750e+04 1.308556083110669732e+01 4.928719865023094629e-03
5.944150085449218750e+04 1.308561680689975759e+01 6.783820582465964651e-03
5.944200085449218750e+04 1.308296557886973055e+01 8.210860598617362657e-03
5.944250085449218750e+04 1.307528665752365171e+01 7.539834903373517083e-03
5.944300085449218750e+04 1.306477572419148814e+01 5.778080772426996171e-03
5.944350085449218750e+04 1.305576791487746746e+01 5.946590632648201050e-03
5.944400085449218750e+04 1.305870618311997688e+01 5.753829743532432907e-03
5.944450085449218750e+04 1.306380198938565407e+01 4.071917157310864406e-03
5.944500085449218750e+04 1.305904553950416869e+01 2.815407358017016446e-03
5.944550085449218750e+04 1.305322993334531390e+01 2.862756846593980838e-03
5.944600085449218750e+04 1.305836129861921613e+01 3.206496971674919431e-03
5.944650085449218750e+04 1.306399159812320399e+01 3.820530164643680567e-03
5.944700085449218750e+04 1.306973712965412737e+01 4.383375435957495049e-03
5.944750085449218750e+04 1.309272935613951461e+01 4.393756239159793062e-03
5.944800085449218750e+04 1.311531768095272987e+01 4.258419474405648712e-03
5.944850085449218750e+04 1.310874769446797572e+01 5.113286126791049754e-03
5.944900085449218750e+04 1.310112966992452321e+01 6.282986779327076783e-03
5.944950085449218750e+04 1.307280052294763628e+01 6.063164180929945732e-03
5.945000085449218750e+04 1.304753932807682659e+01 4.687440947370191159e-03
