5.842249218750000000e+04 1.612250709533691406e+01 1.438343152403831482e-02
5.842346875000000000e+04 1.612344551086425781e+01 1.438570767641067505e-02
5.842553125000000000e+04 1.608276557922363281e+01 1.429735030978918076e-02
5.842753125000000000e+04 1.614886093139648438e+01 1.444364804774522781e-02
5.842853515625000000e+04 1.615357208251953125e+01 1.445468328893184662e-02
5.842946484375000000e+04 1.616150283813476562e+01 1.447343640029430389e-02
5.842946875000000000e+04 1.616678237915039062e+01 1.448605675250291824e-02
5.843041406250000000e+04 1.616264915466308594e+01 1.385008264333009720e-02
5.843051953125000000e+04 1.616941261291503906e+01 1.449238415807485580e-02
5.843149218750000000e+04 1.610766983032226562e+01 1.435063872486352921e-02
5.843246484375000000e+04 1.614382171630859375e+01 1.443247310817241669e-02
5.843451562500000000e+04 1.616432189941406250e+01 1.448016241192817688e-02
5.843455078125000000e+04 1.609775543212890625e+01 1.363998651504516602e-02
5.843749218750000000e+04 1.613623046875000000e+01 1.441447064280509949e-02
5.843947656250000000e+04 1.615789031982421875e+01 1.383391860872507095e-02
5.844149218750000000e+04 1.620072555541992188e+01 1.456970069557428360e-02
5.844353125000000000e+04 1.621342086791992188e+01 1.460211817175149918e-02
5.845051171875000000e+04 1.620151519775390625e+01 1.457212585955858231e-02
5.846845312500000000e+04 1.618793106079101562e+01 1.453765481710433960e-02
5.847251171875000000e+04 1.618807220458984375e+01 1.453800592571496964e-02
5.848050390625000000e+04 1.615859985351562500e+01 1.446654461324214935e-02
5.848249218750000000e+04 1.613909912109375000e+01 1.377128157764673233e-02
5.848643359375000000e+04 1.612886810302734375e+01 1.439773291349411011e-02
5.848652734375000000e+04 1.617827224731445312e+01 1.451388094574213028e-02
5.848746484375000000e+04 1.617827606201171875e+01 1.451389025896787643e-02
5.848746875000000000e+04 1.617387771606445312e+01 1.388870272785425186e-02
5.849146484375000000e+04 1.616353225708007812e+01 1.447827741503715515e-02
5.849146875000000000e+04 1.616069984436035156e+01 1.447153091430664062e-02
5.849251562500000000e+04 1.622762107849121094e+01 1.463913172483444214e-02
5.850354687500000000e+04 1.613097381591796875e+01 1.440250501036643982e-02
5.850544140625000000e+04 1.611702346801757812e+01 1.437121815979480743e-02
5.850544531250000000e+04 1.604278945922851562e+01 1.421630196273326874e-02
5.850647656250000000e+04 1.604068756103515625e+01 1.421219203621149063e-02
5.850649218750000000e+04 1.610609436035156250e+01 1.366575900465250015e-02
5.850747265625000000e+04 1.607412338256835938e+01 1.427936274558305740e-02
5.850751562500000000e+04 1.607157135009765625e+01 1.356135681271553040e-02
5.850853125000000000e+04 1.607344436645507812e+01 1.427796389907598495e-02
5.850951171875000000e+04 1.600169944763183594e+01 1.413859240710735321e-02
5.851143359375000000e+04 1.604061508178710938e+01 1.421204954385757446e-02
5.851339062500000000e+04 1.602279853820800781e+01 1.417780108749866486e-02
5.852242187500000000e+04 1.606737518310546875e+01 1.426557451486587524e-02
5.852442968750000000e+04 1.604004287719726562e+01 1.421093381941318512e-02
5.852642578125000000e+04 1.599765872955322266e+01 1.413124706596136093e-02
5.852642968750000000e+04 1.600354385375976562e+01 1.414196286350488663e-02
5.853427734375000000e+04 1.602741622924804688e+01 1.418657973408699036e-02
5.853430859375000000e+04 1.601646804809570312e+01 1.340693701058626175e-02
5.854039453125000000e+04 1.610441970825195312e+01 1.366055849939584732e-02
5.854727734375000000e+04 1.610441589355468750e+01 1.434355042874813080e-02
5.855634765625000000e+04 1.611588668823242188e+01 1.436870265752077103e-02
5.855838281250000000e+04 1.605500030517578125e+01 1.424048375338315964e-02
5.855933203125000000e+04 1.607267951965332031e+01 1.428044028580188751e-02
5.856019921875000000e+04 1.610227966308593750e+01 1.365392375737428665e-02
5.856021875000000000e+04 1.605551910400390625e+01 1.424152031540870667e-02
5.856124218750000000e+04 1.611693954467773438e+01 1.369981002062559128e-02
5.856720312500000000e+04 1.609999465942382812e+01 1.433398388326168060e-02
5.857220312500000000e+04 1.619152450561523438e+01 1.454668678343296051e-02
5.857526562500000000e+04 1.621614456176757812e+01 1.460915803909301758e-02
5.858019531250000000e+04 1.618652153015136719e+01 1.453416515141725540e-02
5.858019921875000000e+04 1.620257949829101562e+01 1.457439363002777100e-02
5.858025000000000000e+04 1.616795730590820312e+01 1.386825367808341980e-02
5.858121875000000000e+04 1.617410278320312500e+01 1.450372487306594849e-02
5.858232812500000000e+04 1.615636444091796875e+01 1.446125749498605728e-02
5.858423828125000000e+04 1.612636566162109375e+01 1.439209096133708954e-02
5.858424218750000000e+04 1.615290451049804688e+01 1.445311401039361954e-02
5.858519531250000000e+04 1.610276412963867188e+01 1.365542691200971603e-02
5.858521484375000000e+04 1.610478401184082031e+01 1.434435043483972549e-02
5.858618359375000000e+04 1.610201644897460938e+01 1.433835178613662720e-02
5.858719921875000000e+04 1.613175201416015625e+01 1.440426893532276154e-02
5.858721484375000000e+04 1.614620590209960938e+01 1.443746499717235565e-02
5.858825000000000000e+04 1.616534423828125000e+01 1.448261085897684097e-02
5.858913671875000000e+04 1.620222663879394531e+01 1.457350049167871475e-02
5.859119921875000000e+04 1.619764709472656250e+01 1.456196792423725128e-02
5.859216015625000000e+04 1.619983291625976562e+01 1.456744316965341568e-02
5.859418359375000000e+04 1.619369697570800781e+01 1.455208286643028259e-02
5.859620703125000000e+04 1.612694740295410156e+01 1.439340133219957352e-02
5.859725781250000000e+04 1.612075233459472656e+01 1.437951158732175827e-02
5.859726171875000000e+04 1.611350059509277344e+01 1.436343137174844742e-02
5.860020312500000000e+04 1.615412902832031250e+01 1.445598714053630829e-02
5.860521875000000000e+04 1.620125579833984375e+01 1.457104180008172989e-02
5.860616015625000000e+04 1.619333267211914062e+01 1.455110404640436172e-02
5.860819531250000000e+04 1.619103622436523438e+01 1.454537268728017807e-02
5.860919531250000000e+04 1.618244361877441406e+01 1.452410314232110977e-02
5.861217968750000000e+04 1.621890640258789062e+01 1.461632363498210907e-02
5.861218359375000000e+04 1.621434593200683594e+01 1.460450515151023865e-02
5.861717578125000000e+04 1.625827026367187500e+01 1.472181454300880432e-02
5.861922656250000000e+04 1.619333648681640625e+01 1.455111429095268250e-02
5.863219531250000000e+04 1.608508682250976562e+01 1.430222392082214355e-02
5.863321484375000000e+04 1.610830688476562500e+01 1.435202825814485550e-02
5.863419921875000000e+04 1.610422897338867188e+01 1.434314809739589691e-02
5.863721875000000000e+04 1.613224792480468750e+01 1.440539583563804626e-02
5.864020312500000000e+04 1.608184623718261719e+01 1.429542433470487595e-02
5.864317578125000000e+04 1.608925247192382812e+01 1.431101839989423752e-02
5.864917968750000000e+04 1.614697456359863281e+01 1.443925034254789352e-02
5.865423437500000000e+04 1.611405181884765625e+01 1.436465047299861908e-02
5.865819531250000000e+04 1.616961288452148438e+01 1.449286658316850662e-02
5.866220312500000000e+04 1.616889572143554688e+01 1.449113711714744568e-02
5.866720312500000000e+04 1.617326354980468750e+01 1.450168993324041367e-02
5.867019921875000000e+04 1.614770889282226562e+01 1.444096025079488754e-02
5.867318359375000000e+04 1.616645812988281250e+01 1.448527630418539047e-02
