5.893647656250000000e+04 1.514059448242187500e+01 1.166028156876564026e-02
5.894149609375000000e+04 1.516578197479248047e+01 1.590061187744140625e-02
5.894149609375000000e+04 1.515497016906738281e+01 1.167098060250282288e-02
5.894342968750000000e+04 1.515559768676757812e+01 1.167145371437072754e-02
5.894342968750000000e+04 1.518213462829589844e+01 1.591981202363967896e-02
5.894449609375000000e+04 1.516908264160156250e+01 1.168173737823963165e-02
5.894449609375000000e+04 1.517286872863769531e+01 1.590889133512973785e-02
5.895440625000000000e+04 1.522038269042968750e+01 1.596604846417903900e-02
5.895440625000000000e+04 1.517314243316650391e+01 1.168488059192895889e-02
5.895541015625000000e+04 1.520286655426025391e+01 1.170853618532419205e-02
5.895546484375000000e+04 1.520035934448242188e+01 1.594161055982112885e-02
5.895638281250000000e+04 1.524012374877929688e+01 1.173984445631504059e-02
5.896236328125000000e+04 1.524406528472900391e+01 1.599562726914882660e-02
5.896236328125000000e+04 1.523297500610351562e+01 1.173369120806455612e-02
5.896338671875000000e+04 1.525660896301269531e+01 1.601159758865833282e-02
5.896338671875000000e+04 1.524139308929443359e+01 1.174094248563051224e-02
5.896343359375000000e+04 1.523481559753417969e+01 1.173526979982852936e-02
5.896343750000000000e+04 1.524566364288330078e+01 1.599765196442604065e-02
5.896439062500000000e+04 1.523289108276367188e+01 1.173361856490373611e-02
5.896541406250000000e+04 1.525746059417724609e+01 1.601268909871578217e-02
5.896541406250000000e+04 1.525782775878906250e+01 1.175538543611764908e-02
5.896640625000000000e+04 1.525795459747314453e+01 1.175549719482660294e-02
5.896640625000000000e+04 1.526320934295654297e+01 1.602008566260337830e-02
5.896844531250000000e+04 1.526561737060546875e+01 1.176236011087894440e-02
5.897030078125000000e+04 1.528314971923828125e+01 1.177837327122688293e-02
5.897030078125000000e+04 1.528569507598876953e+01 1.604945026338100433e-02
5.897030468750000000e+04 1.527693271636962891e+01 1.177264470607042313e-02
5.897142578125000000e+04 1.527792549133300781e+01 1.177355647087097168e-02
5.897142968750000000e+04 1.529248523712158203e+01 1.178708020597696304e-02
5.897142968750000000e+04 1.528787612915039062e+01 1.605233177542686462e-02
5.897142968750000000e+04 1.528586387634277344e+01 1.604967191815376282e-02
5.897245703125000000e+04 1.526980972290039062e+01 1.176614966243505478e-02
5.897245703125000000e+04 1.529549407958984375e+01 1.606246456503868103e-02
5.897344921875000000e+04 1.527942085266113281e+01 1.604118570685386658e-02
5.897344921875000000e+04 1.529880905151367188e+01 1.606689579784870148e-02
5.897346875000000000e+04 1.528876209259033203e+01 1.178359147161245346e-02
5.897346875000000000e+04 1.527932167053222656e+01 1.177483983337879181e-02
5.897446875000000000e+04 1.527899265289306641e+01 1.177453715354204178e-02
5.897447265625000000e+04 1.528067684173583984e+01 1.177608966827392578e-02
5.897447265625000000e+04 1.529902362823486328e+01 1.606718264520168304e-02
5.897447265625000000e+04 1.530448055267333984e+01 1.607451587915420532e-02
5.897526171875000000e+04 1.526630306243896484e+01 1.176297850906848907e-02
5.897526171875000000e+04 1.528472042083740234e+01 1.177982985973358154e-02
5.897526171875000000e+04 1.530662441253662109e+01 1.607740670442581177e-02
5.897526171875000000e+04 1.531260967254638672e+01 1.608551666140556335e-02
5.897646875000000000e+04 1.528271865844726562e+01 1.604552194476127625e-02
5.897646875000000000e+04 1.529388332366943359e+01 1.606031320989131927e-02
5.897646875000000000e+04 1.526779365539550781e+01 1.176432520151138306e-02
5.897646875000000000e+04 1.528057956695556641e+01 1.177599839866161346e-02
5.897838671875000000e+04 1.531531333923339844e+01 1.180889643728733063e-02
5.897839062500000000e+04 1.530585289001464844e+01 1.179976202547550201e-02
5.897843359375000000e+04 1.529117965698242188e+01 1.605671644210815430e-02
5.897843359375000000e+04 1.531753921508789062e+01 1.609223149716854095e-02
5.897925781250000000e+04 1.529423999786376953e+01 1.178872957825660706e-02
5.897925781250000000e+04 1.530903148651123047e+01 1.608066260814666748e-02
5.897925781250000000e+04 1.531510734558105469e+01 1.608891598880290985e-02
5.897926171875000000e+04 1.529788875579833984e+01 1.179217454046010971e-02
5.898041015625000000e+04 1.528023338317871094e+01 1.177567988634109497e-02
5.898041406250000000e+04 1.527236270904541016e+01 1.176847144961357117e-02
5.898041406250000000e+04 1.528336811065673828e+01 1.604637876152992249e-02
5.898041406250000000e+04 1.531202316284179688e+01 1.608472131192684174e-02
5.898130468750000000e+04 1.527538394927978516e+01 1.177122630178928375e-02
5.898130468750000000e+04 1.528148078918457031e+01 1.177683006972074509e-02
5.898132421875000000e+04 1.530255413055419922e+01 1.607192307710647583e-02
5.898132812500000000e+04 1.527688694000244141e+01 1.603786274790763855e-02
5.898530468750000000e+04 1.531327819824218750e+01 1.608642563223838806e-02
5.898530468750000000e+04 1.530384826660156250e+01 1.179784536361694336e-02
5.898530468750000000e+04 1.530469894409179688e+01 1.607481017708778381e-02
5.898542578125000000e+04 1.530175304412841797e+01 1.179584488272666931e-02
5.898638671875000000e+04 1.527910232543945312e+01 1.177463773638010025e-02
5.898638671875000000e+04 1.530184459686279297e+01 1.607096754014492035e-02
5.898639062500000000e+04 1.531360721588134766e+01 1.608687266707420349e-02
5.898639062500000000e+04 1.527269935607910156e+01 1.176877692341804504e-02
5.898741406250000000e+04 1.528339576721191406e+01 1.177860237658023834e-02
5.898741406250000000e+04 1.528934764862060547e+01 1.605428569018840790e-02
5.898741406250000000e+04 1.528522682189941406e+01 1.178030110895633698e-02
5.898741796875000000e+04 1.528562641143798828e+01 1.604935899376869202e-02
5.899132421875000000e+04 1.528229808807373047e+01 1.604496873915195465e-02
5.899132812500000000e+04 1.529889106750488281e+01 1.606700569391250610e-02
5.899132812500000000e+04 1.527096748352050781e+01 1.176720112562179565e-02
5.899132812500000000e+04 1.528090953826904297e+01 1.177630387246608734e-02
5.899232812500000000e+04 1.527815914154052734e+01 1.603952981531620026e-02
5.899232812500000000e+04 1.526554965972900391e+01 1.176229864358901978e-02
5.899232812500000000e+04 1.527738857269287109e+01 1.177306473255157471e-02
5.899325781250000000e+04 1.528548717498779297e+01 1.178054139018058777e-02
5.899325781250000000e+04 1.530500602722167969e+01 1.607522554695606232e-02
5.899326171875000000e+04 1.528586578369140625e+01 1.604967564344406128e-02
5.899326171875000000e+04 1.527473831176757812e+01 1.177063677459955215e-02
5.899440625000000000e+04 1.529906272888183594e+01 1.606723666191101074e-02
5.899440625000000000e+04 1.528333663940429688e+01 1.604633592069149017e-02
5.899440625000000000e+04 1.527647590637207031e+01 1.177222654223442078e-02
5.899441015625000000e+04 1.528193187713623047e+01 1.177724823355674744e-02
5.899531250000000000e+04 1.527838802337646484e+01 1.177398208528757095e-02
5.899533203125000000e+04 1.529162311553955078e+01 1.605730503797531128e-02
5.899619531250000000e+04 1.528399467468261719e+01 1.177915744483470917e-02
5.899619921875000000e+04 1.527329921722412109e+01 1.176932174712419510e-02
5.899722265625000000e+04 1.529575634002685547e+01 1.606281287968158722e-02
5.899722265625000000e+04 1.529906082153320312e+01 1.606723479926586151e-02
5.899738671875000000e+04 1.528077888488769531e+01 1.177618373185396194e-02
5.899739453125000000e+04 1.529437828063964844e+01 1.178885996341705322e-02
5.899834375000000000e+04 1.527233791351318359e+01 1.176844723522663116e-02
5.899834375000000000e+04 1.528860950469970703e+01 1.178344897925853729e-02
5.899836718750000000e+04 1.529822921752929688e+01 1.606611907482147217e-02
5.899836718750000000e+04 1.531000614166259766e+01 1.608198322355747223e-02
5.899925781250000000e+04 1.528860855102539062e+01 1.178344991058111191e-02
5.899925781250000000e+04 1.527881145477294922e+01 1.177437044680118561e-02
5.899925781250000000e+04 1.528493785858154297e+01 1.604844816029071808e-02
5.899925781250000000e+04 1.529715442657470703e+01 1.606468111276626587e-02
5.900135937500000000e+04 1.530994892120361328e+01 1.608190499246120453e-02
5.900135937500000000e+04 1.528957080841064453e+01 1.605457998812198639e-02
5.900138671875000000e+04 1.527315902709960938e+01 1.176919601857662201e-02
5.900138671875000000e+04 1.526511955261230469e+01 1.176191307604312897e-02
5.900518359375000000e+04 1.532676601409912109e+01 1.610489748418331146e-02
5.900521875000000000e+04 1.527600955963134766e+01 1.177179999649524689e-02
5.901128515625000000e+04 1.528687858581542969e+01 1.605101116001605988e-02
5.901128515625000000e+04 1.527403926849365234e+01 1.176999881863594055e-02
5.901230468750000000e+04 1.527311801910400391e+01 1.176915783435106277e-02
5.901230468750000000e+04 1.528502559661865234e+01 1.604856364428997040e-02
5.901322656250000000e+04 1.527762699127197266e+01 1.177328452467918396e-02
5.901324609375000000e+04 1.529109764099121094e+01 1.605660840868949890e-02
5.901434375000000000e+04 1.529351425170898438e+01 1.178804691880941391e-02
5.901434375000000000e+04 1.529682254791259766e+01 1.606423780322074890e-02
5.901730859375000000e+04 1.529655170440673828e+01 1.179090980440378189e-02
5.901834375000000000e+04 1.528201007843017578e+01 1.177731808274984360e-02
5.901834375000000000e+04 1.529154491424560547e+01 1.605720072984695435e-02
5.902022656250000000e+04 1.527905750274658203e+01 1.177459768950939178e-02
5.902022656250000000e+04 1.531377220153808594e+01 1.608709804713726044e-02
5.902220703125000000e+04 1.532275295257568359e+01 1.609937474131584167e-02
5.902220703125000000e+04 1.528302001953125000e+01 1.177825499325990677e-02
5.902324218750000000e+04 1.529456043243408203e+01 1.606121659278869629e-02
5.902324218750000000e+04 1.528994369506835938e+01 1.178469695150852203e-02
5.902428515625000000e+04 1.532499694824218750e+01 1.610245928168296814e-02
5.902524218750000000e+04 1.530843162536621094e+01 1.607985049486160278e-02
5.902524218750000000e+04 1.531518554687500000e+01 1.180877164006233215e-02
5.902721875000000000e+04 1.532467365264892578e+01 1.610201597213745117e-02
5.902724609375000000e+04 1.532078838348388672e+01 1.181424129754304886e-02
5.902834765625000000e+04 1.529831218719482422e+01 1.606623269617557526e-02
5.902834765625000000e+04 1.530698394775390625e+01 1.180084887892007828e-02
5.902926562500000000e+04 1.530612564086914062e+01 1.180002372711896896e-02
5.903034375000000000e+04 1.533141899108886719e+01 1.611133478581905365e-02
5.903034375000000000e+04 1.531702136993408203e+01 1.181055884808301926e-02
5.903120312500000000e+04 1.534270381927490234e+01 1.612706668674945831e-02
5.903120312500000000e+04 1.529184436798095703e+01 1.178647764027118683e-02
5.903236718750000000e+04 1.532791423797607422e+01 1.610648445785045624e-02
5.903236718750000000e+04 1.533463096618652344e+01 1.182795595377683640e-02
5.903321484375000000e+04 1.534316349029541016e+01 1.612771116197109222e-02
5.903321484375000000e+04 1.532899475097656250e+01 1.182233728468418121e-02
5.903421875000000000e+04 1.536028194427490234e+01 1.615194417536258698e-02
5.903622265625000000e+04 1.533158016204833984e+01 1.182490959763526917e-02
5.903724609375000000e+04 1.533841514587402344e+01 1.183175388723611832e-02
5.903826171875000000e+04 1.538089561462402344e+01 1.618170365691184998e-02
5.903828125000000000e+04 1.533336448669433594e+01 1.182668935507535934e-02
5.903920312500000000e+04 1.533552360534667969e+01 1.182885095477104187e-02
5.904024218750000000e+04 1.535679531097412109e+01 1.185051258653402328e-02
5.904121484375000000e+04 1.536384487152099609e+01 1.185784116387367249e-02
5.904121875000000000e+04 1.536923408508300781e+01 1.616478897631168365e-02
5.904230468750000000e+04 1.538260936737060547e+01 1.187772862613201141e-02
5.904322656250000000e+04 1.533803558349609375e+01 1.183137204498052597e-02
5.904432031250000000e+04 1.535995674133300781e+01 1.185379084199666977e-02
5.904432031250000000e+04 1.537846183776855469e+01 1.617815531790256500e-02
5.904525781250000000e+04 1.535008811950683594e+01 1.184360682964324951e-02
5.904634765625000000e+04 1.538666629791259766e+01 1.188209932297468185e-02
5.904726562500000000e+04 1.535546398162841797e+01 1.184913702309131622e-02
5.904726953125000000e+04 1.537620258331298828e+01 1.617487147450447083e-02
5.904828125000000000e+04 1.536767673492431641e+01 1.186185982078313828e-02
5.904828515625000000e+04 1.535698032379150391e+01 1.185070350766181946e-02
5.904836328125000000e+04 1.536963748931884766e+01 1.616537198424339294e-02
5.904930859375000000e+04 1.539214992523193359e+01 1.188804954290390015e-02
5.904930859375000000e+04 1.537241840362548828e+01 1.186686009168624878e-02
5.904930859375000000e+04 1.536802673339843750e+01 1.616304926574230194e-02
5.905036328125000000e+04 1.537375640869140625e+01 1.186827942728996277e-02
5.905036718750000000e+04 1.536814594268798828e+01 1.186235249042510986e-02
5.905039062500000000e+04 1.537408924102783203e+01 1.617180556058883667e-02
5.905039062500000000e+04 1.539033126831054688e+01 1.619553752243518829e-02
5.905130468750000000e+04 1.537815761566162109e+01 1.187296211719512939e-02
5.905130468750000000e+04 1.538458156585693359e+01 1.618709042668342590e-02
5.905130859375000000e+04 1.538169956207275391e+01 1.187675166875123978e-02
5.905230078125000000e+04 1.537951755523681641e+01 1.187441591173410416e-02
5.905230468750000000e+04 1.537916278839111328e+01 1.617917604744434357e-02
5.905230468750000000e+04 1.536342716217041016e+01 1.185740716755390167e-02
5.905334375000000000e+04 1.536225700378417969e+01 1.615476608276367188e-02
5.905334375000000000e+04 1.537276554107666016e+01 1.186722889542579651e-02
5.905334375000000000e+04 1.538829135894775391e+01 1.619253493845462799e-02
5.905334375000000000e+04 1.537690639495849609e+01 1.187162660062313080e-02
5.905425781250000000e+04 1.538440132141113281e+01 1.187965553253889084e-02
5.905426171875000000e+04 1.536965465545654297e+01 1.186394132673740387e-02
5.905428515625000000e+04 1.538256645202636719e+01 1.618414185941219330e-02
5.905530468750000000e+04 1.538639450073242188e+01 1.618974842131137848e-02
5.905530468750000000e+04 1.536801052093505859e+01 1.186221092939376831e-02
5.905530468750000000e+04 1.537090015411376953e+01 1.186525635421276093e-02
5.905626171875000000e+04 1.534892940521240234e+01 1.184242125600576401e-02
5.905626562500000000e+04 1.539308166503906250e+01 1.188906561583280563e-02
5.905640625000000000e+04 1.535163021087646484e+01 1.613964326679706573e-02
5.905640625000000000e+04 1.539378356933593750e+01 1.620063371956348419e-02
5.905726171875000000e+04 1.538929176330566406e+01 1.188494451344013214e-02
5.905726171875000000e+04 1.540894889831542969e+01 1.622323505580425262e-02
5.905726171875000000e+04 1.537430191040039062e+01 1.186885684728622437e-02
5.905938281250000000e+04 1.537098121643066406e+01 1.616731099784374237e-02
5.905938671875000000e+04 1.539152622222900391e+01 1.188737060874700546e-02
5.906039453125000000e+04 1.540226745605468750e+01 1.621323451399803162e-02
5.906039453125000000e+04 1.540385437011718750e+01 1.190090831369161606e-02
5.906117968750000000e+04 1.538146400451660156e+01 1.187649928033351898e-02
5.906117968750000000e+04 1.540894031524658203e+01 1.622322201728820801e-02
5.906234375000000000e+04 1.538826179504394531e+01 1.188382785767316818e-02
5.906234765625000000e+04 1.540903282165527344e+01 1.622336171567440033e-02
5.906234765625000000e+04 1.539556312561035156e+01 1.189177855849266052e-02
5.906326953125000000e+04 1.538634586334228516e+01 1.188175473362207413e-02
5.906326953125000000e+04 1.537827491760253906e+01 1.187308598309755325e-02
5.906326953125000000e+04 1.537594699859619141e+01 1.617449894547462463e-02
5.906326953125000000e+04 1.538907814025878906e+01 1.619369350373744965e-02
5.906420703125000000e+04 1.536579990386962891e+01 1.615984737873077393e-02
5.906422265625000000e+04 1.536910629272460938e+01 1.186336390674114227e-02
5.906422656250000000e+04 1.537256145477294922e+01 1.186701189726591110e-02
5.906521484375000000e+04 1.537269306182861328e+01 1.186715252697467804e-02
5.906521484375000000e+04 1.538645076751708984e+01 1.188186835497617722e-02
5.906524218750000000e+04 1.538235950469970703e+01 1.618384011089801788e-02
5.906630078125000000e+04 1.536116218566894531e+01 1.185504440218210220e-02
5.906630468750000000e+04 1.536880302429199219e+01 1.616416871547698975e-02
5.906630468750000000e+04 1.537040328979492188e+01 1.616647653281688690e-02
5.906630468750000000e+04 1.536104393005371094e+01 1.185492146760225296e-02
5.906720703125000000e+04 1.539503860473632812e+01 1.620249263942241669e-02
5.906721484375000000e+04 1.536534500122070312e+01 1.185941323637962341e-02
5.906721875000000000e+04 1.537982940673828125e+01 1.187474746257066727e-02
5.906819921875000000e+04 1.537562179565429688e+01 1.187026035040616989e-02
5.906819921875000000e+04 1.537969970703125000e+01 1.617995649576187134e-02
5.906930078125000000e+04 1.539110565185546875e+01 1.188691332936286926e-02
5.906930078125000000e+04 1.539205169677734375e+01 1.619807444512844086e-02
5.906930078125000000e+04 1.542584228515625000e+01 1.624883338809013367e-02
5.907032031250000000e+04 1.538155937194824219e+01 1.187660079449415207e-02
5.907032421875000000e+04 1.539523124694824219e+01 1.189141348004341125e-02
5.907032421875000000e+04 1.540385818481445312e+01 1.621560938656330109e-02
5.907121875000000000e+04 1.539316940307617188e+01 1.188916247338056564e-02
5.907125000000000000e+04 1.540526294708251953e+01 1.621770858764648438e-02
5.907234375000000000e+04 1.538654041290283203e+01 1.188196521252393723e-02
5.907234375000000000e+04 1.541349983215332031e+01 1.623008586466312408e-02
5.907322265625000000e+04 1.538718032836914062e+01 1.188265718519687653e-02
5.907324609375000000e+04 1.539467239379882812e+01 1.189080160111188889e-02
5.907325000000000000e+04 1.540115833282470703e+01 1.621158048510551453e-02
5.907420312500000000e+04 1.538566017150878906e+01 1.188101246953010559e-02
5.907422265625000000e+04 1.541812133789062500e+01 1.623707823455333710e-02
5.907520312500000000e+04 1.540134239196777344e+01 1.189813110977411270e-02
5.907628125000000000e+04 1.539265823364257812e+01 1.619897037744522095e-02
5.907723828125000000e+04 1.538919830322265625e+01 1.188484113663434982e-02
5.907723828125000000e+04 1.541372394561767578e+01 1.623042486608028412e-02
5.907820312500000000e+04 1.540255451202392578e+01 1.189946848899126053e-02
5.907821484375000000e+04 1.540242004394531250e+01 1.621346175670623779e-02
5.907917187500000000e+04 1.537712574005126953e+01 1.187186129391193390e-02
5.908022265625000000e+04 1.541615581512451172e+01 1.623410172760486603e-02
5.908124218750000000e+04 1.540071678161621094e+01 1.189744099974632263e-02
5.908124218750000000e+04 1.541268825531005859e+01 1.622886210680007935e-02
5.908228125000000000e+04 1.538803768157958984e+01 1.619216054677963257e-02
5.908228125000000000e+04 1.540946388244628906e+01 1.190714724361896515e-02
5.908417578125000000e+04 1.540634632110595703e+01 1.190367434173822403e-02
5.908417578125000000e+04 1.541173744201660156e+01 1.622742973268032074e-02
5.908526562500000000e+04 1.539607238769531250e+01 1.189233548939228058e-02
5.908526562500000000e+04 1.541094112396240234e+01 1.622623018920421600e-02
5.908628515625000000e+04 1.538784408569335938e+01 1.619187742471694946e-02
5.908628515625000000e+04 1.538428592681884766e+01 1.187953352928161621e-02
5.908717578125000000e+04 1.540053749084472656e+01 1.621065288782119751e-02
5.908717578125000000e+04 1.538193130493164062e+01 1.187700033187866211e-02
5.908825781250000000e+04 1.539124202728271484e+01 1.188706234097480774e-02
5.908827343750000000e+04 1.539872837066650391e+01 1.620796509087085724e-02
5.908923828125000000e+04 1.538137054443359375e+01 1.187639962881803513e-02
5.908927343750000000e+04 1.540398883819580078e+01 1.621580496430397034e-02
5.909024218750000000e+04 1.541925144195556641e+01 1.191815640777349472e-02
5.909029296875000000e+04 1.541547107696533203e+01 1.623306609690189362e-02
5.909316015625000000e+04 1.537160015106201172e+01 1.186599582433700562e-02
5.909316015625000000e+04 1.537249374389648438e+01 1.186694204807281494e-02
5.909317968750000000e+04 1.540032672882080078e+01 1.621034182608127594e-02
5.909417968750000000e+04 1.539409923553466797e+01 1.620110124349594116e-02
5.909419531250000000e+04 1.539614200592041016e+01 1.620412245392799377e-02
5.909419921875000000e+04 1.539220523834228516e+01 1.188811101019382477e-02
5.909519921875000000e+04 1.539914321899414062e+01 1.189570687711238861e-02
5.909519921875000000e+04 1.539849853515625000e+01 1.620762236416339874e-02
5.909520312500000000e+04 1.538652515411376953e+01 1.188194751739501953e-02
5.909618359375000000e+04 1.538700675964355469e+01 1.619064807891845703e-02
5.909618359375000000e+04 1.537447643280029297e+01 1.186904218047857285e-02
5.909720703125000000e+04 1.539274120330810547e+01 1.619909144937992096e-02
5.909720703125000000e+04 1.540356636047363281e+01 1.190058887004852295e-02
5.909821875000000000e+04 1.539684104919433594e+01 1.620516180992126465e-02
5.909821875000000000e+04 1.538424205780029297e+01 1.187948510050773621e-02
5.909915625000000000e+04 1.540544414520263672e+01 1.190267130732536316e-02
5.909916015625000000e+04 1.540277767181396484e+01 1.189971715211868286e-02
5.909917968750000000e+04 1.541644859313964844e+01 1.623454503715038300e-02
5.909917968750000000e+04 1.539853668212890625e+01 1.620768010616302490e-02
