4.972500000000000000e+03	1.882769966125488281e+01	1.253601312637329102e-01
4.947500000000000000e+03	1.915690040588378906e+01	1.312416195869445801e-01
5.744500000000000000e+03	2.022340011596679688e+01	2.152426689863204956e-01
5.381500000000000000e+03	2.045260047912597656e+01	2.235021591186523438e-01
4.935500000000000000e+03	1.882200050354003906e+01	1.153530552983283997e-01
5.273500000000000000e+03	1.966769981384277344e+01	1.531880497932434082e-01
5.054500000000000000e+03	1.887579917907714844e+01	1.318544596433639526e-01
5.748500000000000000e+03	2.016320037841796875e+01	2.049933820962905884e-01
5.337500000000000000e+03	2.024250030517578125e+01	2.065501660108566284e-01
4.999500000000000000e+03	1.875900077819824219e+01	1.158762201666831970e-01
5.008500000000000000e+03	1.906040000915527344e+01	1.322704106569290161e-01
5.482500000000000000e+03	2.012330055236816406e+01	2.395438849925994873e-01
5.471500000000000000e+03	1.978989982604980469e+01	1.822761148214340210e-01
5.716500000000000000e+03	2.074510002136230469e+01	2.736080586910247803e-01
5.736500000000000000e+03	2.014850044250488281e+01	2.027035355567932129e-01
4.993500000000000000e+03	1.887380027770996094e+01	1.214811950922012329e-01
5.385500000000000000e+03	1.996249961853027344e+01	1.763435453176498413e-01
4.867500000000000000e+03	1.889209938049316406e+01	1.224347278475761414e-01
5.683500000000000000e+03	1.982369995117187500e+01	1.713186204433441162e-01
4.950500000000000000e+03	1.740999984741210938e+01	1.749010086059570312e-01
5.622500000000000000e+03	2.079660034179687500e+01	2.816469669342041016e-01
5.357500000000000000e+03	1.955050086975097656e+01	1.502643972635269165e-01
5.027500000000000000e+03	1.888629913330078125e+01	1.282539367675781250e-01
4.892500000000000000e+03	1.828639984130859375e+01	9.582673758268356323e-02
4.686500000000000000e+03	1.917499923706054688e+01	1.328306049108505249e-01
4.881500000000000000e+03	1.909830093383789062e+01	1.319658160209655762e-01
4.935500000000000000e+03	1.897080039978027344e+01	1.248879954218864441e-01
4.562500000000000000e+03	1.888430023193359375e+01	1.154564842581748962e-01
5.393500000000000000e+03	1.969300079345703125e+01	2.034418880939483643e-01
5.748500000000000000e+03	2.102379989624023438e+01	3.206914663314819336e-01
5.337500000000000000e+03	2.157049942016601562e+01	4.186110496520996094e-01
5.389500000000000000e+03	2.032769966125488281e+01	2.100421637296676636e-01
5.719500000000000000e+03	2.002820014953613281e+01	1.924389004707336426e-01
5.293500000000000000e+03	1.961689949035644531e+01	1.498420685529708862e-01
5.332500000000000000e+03	1.912290000915527344e+01	1.235588043928146362e-01
5.622500000000000000e+03	2.079339981079101562e+01	2.807521820068359375e-01
5.416500000000000000e+03	1.970179939270019531e+01	1.836058944463729858e-01
5.297500000000000000e+03	1.935720062255859375e+01	1.509606838226318359e-01
4.923500000000000000e+03	1.899760055541992188e+01	1.251783519983291626e-01
5.736500000000000000e+03	2.119039916992187500e+01	3.495524525642395020e-01
5.054500000000000000e+03	1.819659996032714844e+01	1.031113117933273315e-01
5.476500000000000000e+03	1.953179931640625000e+01	1.616352200508117676e-01
5.407500000000000000e+03	1.949539947509765625e+01	1.477236896753311157e-01
5.246500000000000000e+03	1.952630043029785156e+01	1.441476196050643921e-01
4.536500000000000000e+03	1.870809936523437500e+01	1.057923436164855957e-01
5.628500000000000000e+03	2.027389907836914062e+01	2.136732041835784912e-01
5.340500000000000000e+03	1.979850006103515625e+01	1.663921624422073364e-01
4.935500000000000000e+03	1.915360069274902344e+01	1.324537843465805054e-01
4.923500000000000000e+03	1.849740028381347656e+01	1.040233224630355835e-01
4.996500000000000000e+03	1.777000045776367188e+01	1.206644475460052490e-01
4.947500000000000000e+03	1.903499984741210938e+01	1.266212761402130127e-01
5.246500000000000000e+03	1.966090011596679688e+01	1.524245887994766235e-01
5.337500000000000000e+03	1.970700073242187500e+01	1.606199741363525391e-01
4.985500000000000000e+03	1.849130058288574219e+01	1.068718880414962769e-01
5.402500000000000000e+03	2.007959938049316406e+01	1.921886056661605835e-01
4.611500000000000000e+03	1.896759986877441406e+01	1.201610267162322998e-01
5.293500000000000000e+03	1.917930030822753906e+01	1.252463907003402710e-01
5.471500000000000000e+03	2.141939926147460938e+01	4.266053438186645508e-01
5.631500000000000000e+03	2.015119934082031250e+01	2.008112072944641113e-01
4.881500000000000000e+03	1.895079994201660156e+01	1.243786960840225220e-01
4.979500000000000000e+03	1.848100090026855469e+01	1.087426170706748962e-01
4.965500000000000000e+03	1.897649955749511719e+01	2.229302227497100830e-01
4.556500000000000000e+03	1.886300086975097656e+01	1.130904555320739746e-01
5.310500000000000000e+03	1.843829917907714844e+01	1.036957800388336182e-01
4.892500000000000000e+03	1.889130020141601562e+01	1.183945760130882263e-01
5.023500000000000000e+03	1.914080047607421875e+01	1.364267170429229736e-01
5.706500000000000000e+03	2.002919960021972656e+01	1.908885687589645386e-01
5.368500000000000000e+03	2.075200080871582031e+01	2.639242708683013916e-01
5.278500000000000000e+03	2.044449996948242188e+01	4.379960298538208008e-01
4.957500000000000000e+03	2.071739959716796875e+01	3.012959361076354980e-01
5.246500000000000000e+03	1.971870040893554688e+01	1.566793620586395264e-01
4.969500000000000000e+03	1.879870033264160156e+01	1.198554784059524536e-01
5.273500000000000000e+03	1.981279945373535156e+01	1.631858497858047485e-01
4.947500000000000000e+03	1.897769927978515625e+01	1.237177997827529907e-01
5.029500000000000000e+03	1.865430068969726562e+01	1.179333254694938660e-01
5.476500000000000000e+03	1.995499992370605469e+01	1.973341405391693115e-01
5.410500000000000000e+03	2.104430007934570312e+01	3.121052086353302002e-01
5.400500000000000000e+03	1.997400093078613281e+01	1.795522123575210571e-01
5.045500000000000000e+03	1.910149955749511719e+01	1.335895359516143799e-01
5.389500000000000000e+03	2.055450057983398438e+01	2.353148311376571655e-01
5.675500000000000000e+03	2.043869972229003906e+01	2.325233221054077148e-01
5.385500000000000000e+03	1.934169960021972656e+01	1.344327181577682495e-01
5.740500000000000000e+03	2.071940040588378906e+01	2.720493376255035400e-01
5.029500000000000000e+03	1.840749931335449219e+01	1.080438494682312012e-01
5.302500000000000000e+03	1.953840065002441406e+01	1.441524773836135864e-01
5.293500000000000000e+03	1.971920013427734375e+01	1.569959372282028198e-01
4.947500000000000000e+03	1.902339935302734375e+01	1.253259629011154175e-01
4.923500000000000000e+03	1.881360054016113281e+01	1.163759008049964905e-01
5.389500000000000000e+03	1.947760009765625000e+01	1.422352790832519531e-01
5.213500000000000000e+03	2.104660034179687500e+01	4.054732918739318848e-01
5.719500000000000000e+03	1.986039924621582031e+01	1.778777986764907837e-01
4.996500000000000000e+03	1.868799972534179688e+01	1.340678036212921143e-01
4.567500000000000000e+03	1.842980003356933594e+01	1.019386872649192810e-01
5.054500000000000000e+03	1.900580024719238281e+01	1.389386057853698730e-01
5.381500000000000000e+03	2.125849914550781250e+01	3.419696986675262451e-01
5.008500000000000000e+03	1.868219947814941406e+01	1.144042760133743286e-01
5.008500000000000000e+03	1.904500007629394531e+01	1.314606964588165283e-01
4.999500000000000000e+03	1.899939918518066406e+01	1.265531778335571289e-01
4.944500000000000000e+03	1.851899909973144531e+01	1.296555399894714355e-01
4.611500000000000000e+03	1.900690078735351562e+01	1.222307756543159485e-01
5.635500000000000000e+03	1.989189910888671875e+01	1.788015365600585938e-01
4.996500000000000000e+03	1.898390007019042969e+01	1.604624539613723755e-01
5.033500000000000000e+03	1.880929946899414062e+01	1.321370452642440796e-01
5.648500000000000000e+03	1.956469917297363281e+01	1.519388109445571899e-01
5.054500000000000000e+03	1.848940086364746094e+01	1.131220981478691101e-01
5.381500000000000000e+03	1.991010093688964844e+01	1.721225231885910034e-01
5.713500000000000000e+03	2.046509933471679688e+01	2.400194555521011353e-01
5.340500000000000000e+03	2.050029945373535156e+01	2.330057024955749512e-01
5.645500000000000000e+03	2.017070007324218750e+01	2.067661434412002563e-01
4.556500000000000000e+03	1.887280082702636719e+01	1.137078180909156799e-01
5.588500000000000000e+03	1.963290023803710938e+01	1.569893211126327515e-01
4.562500000000000000e+03	1.914529991149902344e+01	1.274014562368392944e-01
4.996500000000000000e+03	1.950149917602539062e+01	2.189508825540542603e-01
4.881500000000000000e+03	1.904660034179687500e+01	1.294673383235931396e-01
5.302500000000000000e+03	1.979120063781738281e+01	1.611320525407791138e-01
5.709500000000000000e+03	2.088319969177246094e+01	3.245017230510711670e-01
5.352500000000000000e+03	1.948399925231933594e+01	1.438375562429428101e-01
5.008500000000000000e+03	1.876889991760253906e+01	1.179222241044044495e-01
5.706500000000000000e+03	2.031340026855468750e+01	2.180788666009902954e-01
5.332500000000000000e+03	1.965819931030273438e+01	1.545498818159103394e-01
5.273500000000000000e+03	1.947380065917968750e+01	1.408978998661041260e-01
5.635500000000000000e+03	1.978079986572265625e+01	1.689644753932952881e-01
5.349500000000000000e+03	1.998839950561523438e+01	1.813239455223083496e-01
4.867500000000000000e+03	1.886660003662109375e+01	1.205547973513603210e-01
5.349500000000000000e+03	1.922509956359863281e+01	1.305693835020065308e-01
5.400500000000000000e+03	1.994669914245605469e+01	1.774521619081497192e-01
5.012500000000000000e+03	1.906310081481933594e+01	1.306195855140686035e-01
5.293500000000000000e+03	1.972529983520507812e+01	1.574148982763290405e-01
5.324500000000000000e+03	2.023069953918457031e+01	2.014203667640686035e-01
4.887500000000000000e+03	1.859449958801269531e+01	1.096937954425811768e-01
5.410500000000000000e+03	2.009390068054199219e+01	1.923465579748153687e-01
5.716500000000000000e+03	2.040509986877441406e+01	2.295074313879013062e-01
4.982500000000000000e+03	1.895199966430664062e+01	1.273437887430191040e-01
5.278500000000000000e+03	1.950569915771484375e+01	2.343482673168182373e-01
4.969500000000000000e+03	1.905920028686523438e+01	1.336517184972763062e-01
4.611500000000000000e+03	1.871500015258789062e+01	1.096775010228157043e-01
4.887500000000000000e+03	1.891650009155273438e+01	1.246977671980857849e-01
5.352500000000000000e+03	2.026580047607421875e+01	2.182365953922271729e-01
5.588500000000000000e+03	2.033279991149902344e+01	2.191906124353408813e-01
5.675500000000000000e+03	2.064150047302246094e+01	2.581193149089813232e-01
5.731500000000000000e+03	2.079789924621582031e+01	3.590867519378662109e-01
4.950500000000000000e+03	1.882530021667480469e+01	2.387055009603500366e-01
4.867500000000000000e+03	1.896380043029785156e+01	1.255057454109191895e-01
5.213500000000000000e+03	1.997470092773437500e+01	1.980400979518890381e-01
5.748500000000000000e+03	2.014550018310546875e+01	2.039177119731903076e-01
4.567500000000000000e+03	1.853599929809570312e+01	1.013302281498908997e-01
5.795500000000000000e+03	2.159539985656738281e+01	5.000450611114501953e-01
5.407500000000000000e+03	1.889310073852539062e+01	1.155949980020523071e-01
4.944500000000000000e+03	1.830970001220703125e+01	1.249104440212249756e-01
5.631500000000000000e+03	2.026169967651367188e+01	2.137841135263442993e-01
4.881500000000000000e+03	1.889080047607421875e+01	1.214060112833976746e-01
5.407500000000000000e+03	1.983399963378906250e+01	1.714532226324081421e-01
4.567500000000000000e+03	1.843440055847167969e+01	9.794227033853530884e-02
4.892500000000000000e+03	1.933720016479492188e+01	1.411625444889068604e-01
5.352500000000000000e+03	1.965880012512207031e+01	1.556787043809890747e-01
5.628500000000000000e+03	2.035120010375976562e+01	2.215718626976013184e-01
5.302500000000000000e+03	2.014559936523437500e+01	1.903638094663619995e-01
5.052500000000000000e+03	1.872229957580566406e+01	1.194451898336410522e-01
5.713500000000000000e+03	2.032839965820312500e+01	2.235447019338607788e-01
5.736500000000000000e+03	2.075410079956054688e+01	2.765628099441528320e-01
5.378500000000000000e+03	2.011109924316406250e+01	1.891034543514251709e-01
5.628500000000000000e+03	2.032049942016601562e+01	2.180394828319549561e-01
5.027500000000000000e+03	1.851549911499023438e+01	1.119581088423728943e-01
5.683500000000000000e+03	2.003240013122558594e+01	1.888919025659561157e-01
4.950500000000000000e+03	1.826309967041015625e+01	1.826861500740051270e-01
5.471500000000000000e+03	2.141950035095214844e+01	4.281426966190338135e-01
5.029500000000000000e+03	1.838599967956542969e+01	1.073764860630035400e-01
5.040500000000000000e+03	1.854059982299804688e+01	1.074135750532150269e-01
5.259500000000000000e+03	1.932900047302246094e+01	1.319205313920974731e-01
4.950500000000000000e+03	1.789259910583496094e+01	1.969486176967620850e-01
4.999500000000000000e+03	1.856369972229003906e+01	1.081278100609779358e-01
5.213500000000000000e+03	1.914419937133789062e+01	1.379840224981307983e-01
5.694500000000000000e+03	2.142160034179687500e+01	3.965643644332885742e-01
4.969500000000000000e+03	1.887190055847167969e+01	1.254400014877319336e-01
4.985500000000000000e+03	1.863349914550781250e+01	1.107879728078842163e-01
5.378500000000000000e+03	1.977529907226562500e+01	1.618999242782592773e-01
5.328500000000000000e+03	2.008790016174316406e+01	1.991661339998245239e-01
5.023500000000000000e+03	1.880430030822753906e+01	1.189875900745391846e-01
5.027500000000000000e+03	1.857760047912597656e+01	1.140354648232460022e-01
4.965500000000000000e+03	1.885759925842285156e+01	1.686577349901199341e-01
5.357500000000000000e+03	2.014220046997070312e+01	1.993582993745803833e-01
5.631500000000000000e+03	2.004949951171875000e+01	1.920441836118698120e-01
4.926500000000000000e+03	1.886039924621582031e+01	1.185167357325553894e-01
5.706500000000000000e+03	1.972439956665039062e+01	1.647737771272659302e-01
4.926500000000000000e+03	1.900810050964355469e+01	1.252918392419815063e-01
5.349500000000000000e+03	2.056159973144531250e+01	2.408988773822784424e-01
5.033500000000000000e+03	1.872260093688964844e+01	1.329667121171951294e-01
5.259500000000000000e+03	1.968490028381347656e+01	1.532123237848281860e-01
4.892500000000000000e+03	1.865069961547851562e+01	1.086377650499343872e-01
5.045500000000000000e+03	1.828750038146972656e+01	9.921851754188537598e-02
4.979500000000000000e+03	1.857920074462890625e+01	1.119919791817665100e-01
5.052500000000000000e+03	1.865060043334960938e+01	1.163612008094787598e-01
5.416500000000000000e+03	2.082559967041015625e+01	3.101594746112823486e-01
4.985500000000000000e+03	1.867840003967285156e+01	1.234354078769683838e-01
5.588500000000000000e+03	1.908639907836914062e+01	1.255544424057006836e-01
5.709500000000000000e+03	2.033670043945312500e+01	2.234596312046051025e-01
4.957500000000000000e+03	1.926399993896484375e+01	1.480817496776580811e-01
4.686500000000000000e+03	1.918070030212402344e+01	1.331033557653427124e-01
5.645500000000000000e+03	2.039529991149902344e+01	2.304602861404418945e-01
4.985500000000000000e+03	1.925720024108886719e+01	1.407684981822967529e-01
5.706500000000000000e+03	2.121910095214843750e+01	3.516453504562377930e-01
4.993500000000000000e+03	1.892429924011230469e+01	1.241066157817840576e-01
5.719500000000000000e+03	2.003260040283203125e+01	1.939633339643478394e-01
5.713500000000000000e+03	1.995179939270019531e+01	1.862699687480926514e-01
5.423500000000000000e+03	1.985460090637207031e+01	1.709881573915481567e-01
5.675500000000000000e+03	2.076950073242187500e+01	2.762387990951538086e-01
5.012500000000000000e+03	1.906970024108886719e+01	1.313372999429702759e-01
5.744500000000000000e+03	2.001059913635253906e+01	1.935583502054214478e-01
5.385500000000000000e+03	1.968020057678222656e+01	1.552058756351470947e-01
5.645500000000000000e+03	1.972750091552734375e+01	1.673089116811752319e-01
5.407500000000000000e+03	2.174029922485351562e+01	4.649117290973663330e-01
5.648500000000000000e+03	1.982749938964843750e+01	1.712469905614852905e-01
4.926500000000000000e+03	1.884569931030273438e+01	1.178800687193870544e-01
4.979500000000000000e+03	1.854739952087402344e+01	1.119207218289375305e-01
5.328500000000000000e+03	1.960040092468261719e+01	1.524543762207031250e-01
5.731500000000000000e+03	1.933519935607910156e+01	1.577233225107192993e-01
4.965500000000000000e+03	1.801720046997070312e+01	1.266657859086990356e-01
4.887500000000000000e+03	1.897780036926269531e+01	1.277710795402526855e-01
4.926500000000000000e+03	1.911170005798339844e+01	1.315604299306869507e-01
5.736500000000000000e+03	2.057609939575195312e+01	2.516042590141296387e-01
5.332500000000000000e+03	1.922439956665039062e+01	1.283976882696151733e-01
5.324500000000000000e+03	1.972529983520507812e+01	1.593607962131500244e-01
5.675500000000000000e+03	1.994840049743652344e+01	1.828644126653671265e-01
5.393500000000000000e+03	1.967880058288574219e+01	1.587647050619125366e-01
5.040500000000000000e+03	1.893810081481933594e+01	1.246698945760726929e-01
4.536500000000000000e+03	1.865110015869140625e+01	1.039771586656570435e-01
5.588500000000000000e+03	2.011930084228515625e+01	1.962410509586334229e-01
5.012500000000000000e+03	1.913430023193359375e+01	1.344889104366302490e-01
4.935500000000000000e+03	1.860070037841796875e+01	1.129032224416732788e-01
5.423500000000000000e+03	2.030330085754394531e+01	2.119950056076049805e-01
4.982500000000000000e+03	1.883889961242675781e+01	1.220409795641899109e-01
4.999500000000000000e+03	1.897590065002441406e+01	1.261008679866790771e-01
5.740500000000000000e+03	2.068420028686523438e+01	2.670135796070098877e-01
5.033500000000000000e+03	1.839060020446777344e+01	1.133390590548515320e-01
5.648500000000000000e+03	2.046450042724609375e+01	2.330057024955749512e-01
5.273500000000000000e+03	1.945240020751953125e+01	1.398575603961944580e-01
5.052500000000000000e+03	1.910849952697753906e+01	1.398706138134002686e-01
2.213244171142578125e+02	1.908009910583496094e+01	2.494310885667800903e-01
2.213325805664062500e+02	1.953940010070800781e+01	3.182826042175292969e-01
2.213407592773437500e+02	1.954820060729980469e+01	3.197588026523590088e-01
2.213488769531250000e+02	1.923150062561035156e+01	2.699107229709625244e-01
3.082196350097656250e+02	2.026250076293945312e+01	3.310822546482086182e-01
3.082391967773437500e+02	1.979369926452636719e+01	2.596522271633148193e-01
3.181921691894531250e+02	1.961840057373046875e+01	2.570362091064453125e-01
3.011819458007812500e+02	1.961059951782226562e+01	2.323312461376190186e-01
3.011915893554687500e+02	2.114649963378906250e+01	5.428613424301147461e-01
3.012012023925781250e+02	1.980170059204101562e+01	2.570362091064453125e-01
2.572959594726562500e+02	2.067550086975097656e+01	4.509066045284271240e-01
2.573134460449218750e+02	1.972349929809570312e+01	2.661768198013305664e-01
6.022137451171875000e+02	2.032950019836425781e+01	3.514831066131591797e-01
6.022232666015625000e+02	2.033810043334960938e+01	3.516453504562377930e-01
5.444866943359375000e+02	1.987879943847656250e+01	2.636071145534515381e-01
5.444938964843750000e+02	2.017869949340820312e+01	3.092558979988098145e-01
5.445011596679687500e+02	1.971640014648437500e+01	2.425780892372131348e-01
5.445084228515625000e+02	2.038450050354003906e+01	3.466339707374572754e-01
5.703688354492187500e+02	1.992919921875000000e+01	2.787795066833496094e-01
5.703955688476562500e+02	1.991889953613281250e+01	2.895376086235046387e-01
6.102628173828125000e+02	1.975399971008300781e+01	2.590825259685516357e-01
6.102692260742187500e+02	2.091360092163085938e+01	4.902392327785491943e-01
6.293469848632812500e+02	1.982259941101074219e+01	2.660682499408721924e-01
6.293610839843750000e+02	2.060129928588867188e+01	4.088978171348571777e-01
6.293681030273437500e+02	1.989100074768066406e+01	2.773368060588836670e-01
9.554193115234375000e+02	2.040390014648437500e+01	3.424205780029296875e-01
9.554272460937500000e+02	2.008650016784667969e+01	2.891206443309783936e-01
9.554351806640625000e+02	2.006180000305175781e+01	2.849125564098358154e-01
9.554430541992187500e+02	2.022179985046386719e+01	3.106711208820343018e-01
1.008225830078125000e+03	1.946500015258789062e+01	2.190906405448913574e-01
9.224097900390625000e+02	2.070330047607421875e+01	3.961103856563568115e-01
9.224157104492187500e+02	2.001849937438964844e+01	2.720493376255035400e-01
9.224216308593750000e+02	2.013929939270019531e+01	2.896305024623870850e-01
9.224275512695312500e+02	2.040600013732910156e+01	3.350482285022735596e-01
9.363217773437500000e+02	2.003580093383789062e+01	2.813477814197540283e-01
9.363404541015625000e+02	2.022920036315917969e+01	3.128584921360015869e-01
9.363497314453125000e+02	1.990699958801269531e+01	2.629761695861816406e-01
9.812957763671875000e+02	2.035309982299804688e+01	3.356868922710418701e-01
9.813022460937500000e+02	2.042939949035644531e+01	3.511592447757720947e-01
9.813087158203125000e+02	1.982250022888183594e+01	2.537415027618408203e-01
9.872969970703125000e+02	1.972470092773437500e+01	2.486601620912551880e-01
9.873040161132812500e+02	2.022979927062988281e+01	3.260625898838043213e-01
9.873109741210937500e+02	2.107379913330078125e+01	5.247354507446289062e-01
9.962451782226562500e+02	2.003149986267089844e+01	2.881545126438140869e-01
1.310279541015625000e+03	1.954649925231933594e+01	2.198541313409805298e-01
1.310287841796875000e+03	2.039119911193847656e+01	3.375515937805175781e-01
1.310296020507812500e+03	2.023670005798339844e+01	3.123943209648132324e-01
1.322273681640625000e+03	2.090839958190917969e+01	4.484964311122894287e-01
1.336252807617187500e+03	2.026499938964843750e+01	3.137342631816864014e-01
1.336260620117187500e+03	2.012960052490234375e+01	2.911288738250732422e-01
1.336276367187500000e+03	2.035250091552734375e+01	3.292498290538787842e-01
1.265464111328125000e+03	2.003779983520507812e+01	2.761983871459960938e-01
1.377297729492187500e+03	2.009180068969726562e+01	2.947802841663360596e-01
1.377304931640625000e+03	2.118129920959472656e+01	5.455509424209594727e-01
1.466125244140625000e+03	2.067350006103515625e+01	4.144443571567535400e-01
1.674272705078125000e+03	1.987809944152832031e+01	2.540243268013000488e-01
1.701343505859375000e+03	2.026490020751953125e+01	3.183437287807464600e-01
1.701356689453125000e+03	1.980419921875000000e+01	2.469661235809326172e-01
1.701363281250000000e+03	2.024699974060058594e+01	3.164045512676239014e-01
1.612397338867187500e+03	1.969790077209472656e+01	2.320918291807174683e-01
1.612432250976562500e+03	2.009180068969726562e+01	2.816469669342041016e-01
1.768191894531250000e+03	2.059499931335449219e+01	3.886075019836425781e-01
1.768203979492187500e+03	1.925909996032714844e+01	1.909528970718383789e-01
1.750171020507812500e+03	2.045499992370605469e+01	3.454703092575073242e-01
1.750187255859375000e+03	2.051029968261718750e+01	3.604721724987030029e-01
1.660419555664062500e+03	2.075180053710937500e+01	3.987405896186828613e-01
1.660428710937500000e+03	1.986849975585937500e+01	2.482186853885650635e-01
1.660437988281250000e+03	1.984259986877441406e+01	2.460177689790725708e-01
1.660447265625000000e+03	1.996349906921386719e+01	2.605647742748260498e-01
1.667474365234375000e+03	2.019549942016601562e+01	3.089189827442169189e-01
1.715364746093750000e+03	1.958410072326660156e+01	2.545611858367919922e-01
1.732332641601562500e+03	2.119199943542480469e+01	5.455509424209594727e-01
1.732350830078125000e+03	2.000790023803710938e+01	2.818183600902557373e-01
2.041434570312500000e+03	1.947610092163085938e+01	2.413288205862045288e-01
2.041440185546875000e+03	1.920579910278320312e+01	2.088287472724914551e-01
2.041451416015625000e+03	1.993759918212890625e+01	3.077481687068939209e-01
2.050321777343750000e+03	1.976169967651367188e+01	2.424686700105667114e-01
2.050328613281250000e+03	1.996459960937500000e+01	2.691589593887329102e-01
2.050335693359375000e+03	1.968519973754882812e+01	2.318531572818756104e-01
2.050342529296875000e+03	2.008349990844726562e+01	2.890281975269317627e-01
1.995473999023437500e+03	1.992970085144042969e+01	2.630110979080200195e-01
1.995480957031250000e+03	1.990200042724609375e+01	2.599553465843200684e-01
1.995487915039062500e+03	2.000530052185058594e+01	2.766439914703369141e-01
1.995494995117187500e+03	1.996980094909667969e+01	2.673431634902954102e-01
2.025461914062500000e+03	1.991799926757812500e+01	2.666852176189422607e-01
2.025469604492187500e+03	1.991780090332031250e+01	2.679689824581146240e-01
2.025477172851562500e+03	1.974239921569824219e+01	2.440700680017471313e-01
2.079347900390625000e+03	1.960339927673339844e+01	2.257486283779144287e-01
2.079354736328125000e+03	1.976189994812011719e+01	2.453632950782775879e-01
2.079361816406250000e+03	1.997249984741210938e+01	2.752735316753387451e-01
2.079368652343750000e+03	2.008289909362792969e+01	2.923153638839721680e-01
2.086158935546875000e+03	2.015999984741210938e+01	3.086390495300292969e-01
2.408377441406250000e+03	1.989819908142089844e+01	2.655273973941802979e-01
2.408383544921875000e+03	2.129780006408691406e+01	5.815057158470153809e-01
2.408389892578125000e+03	2.042810058593750000e+01	3.533618748188018799e-01
2.408396240234375000e+03	2.066580009460449219e+01	4.036710858345031738e-01
2.425296630859375000e+03	2.058550071716308594e+01	3.858416080474853516e-01
2.425317138671875000e+03	1.956970024108886719e+01	2.242933809757232666e-01
2.398310546875000000e+03	2.073049926757812500e+01	4.187431335449218750e-01
2.398317871093750000e+03	2.060709953308105469e+01	3.905549943447113037e-01
2.457343750000000000e+03	2.037459945678710938e+01	3.431001007556915283e-01
2.732433837890625000e+03	1.979509925842285156e+01	2.482774108648300171e-01
2.732441162109375000e+03	1.976440048217773438e+01	2.444614619016647339e-01
2.732448730468750000e+03	1.984959983825683594e+01	2.555489540100097656e-01
2.732456054687500000e+03	1.980270004272460938e+01	2.483067959547042847e-01
2.763364746093750000e+03	1.940769958496093750e+01	2.317578941583633423e-01
2.763368164062500000e+03	1.902939987182617188e+01	1.790713965892791748e-01
2.763371582031250000e+03	1.971369934082031250e+01	2.503296732902526855e-01
2.769347900390625000e+03	1.955050086975097656e+01	2.210357040166854858e-01
2.769355957031250000e+03	1.974780082702636719e+01	2.447984665632247925e-01
2.769363769531250000e+03	1.943499946594238281e+01	2.089146822690963745e-01
2.769371826171875000e+03	1.951289939880371094e+01	2.175686657428741455e-01
2.787325195312500000e+03	1.925810050964355469e+01	1.999084949493408203e-01
2.787330322265625000e+03	1.954800033569335938e+01	2.313780933618545532e-01
2.787335449218750000e+03	2.000930023193359375e+01	2.862952053546905518e-01
2.787340576171875000e+03	1.956640052795410156e+01	2.273232191801071167e-01
2.793239013671875000e+03	1.977339935302734375e+01	2.838116884231567383e-01
2.793244628906250000e+03	1.977860069274902344e+01	2.670501470565795898e-01
2.793250244140625000e+03	1.932139968872070312e+01	2.091731727123260498e-01
2.793256103515625000e+03	1.952840042114257812e+01	2.245087325572967529e-01
2.814343750000000000e+03	2.004140090942382812e+01	2.799497842788696289e-01
2.814350585937500000e+03	1.920330047607421875e+01	1.842314749956130981e-01
2.814357421875000000e+03	1.942429924011230469e+01	2.048639953136444092e-01
2.814364013671875000e+03	1.984600067138671875e+01	2.535848021507263184e-01
2.821197753906250000e+03	1.975139999389648438e+01	2.439864426851272583e-01
2.846232666015625000e+03	1.912779998779296875e+01	1.824973821640014648e-01
2.846239501953125000e+03	1.936020088195800781e+01	2.039177119731903076e-01
2.846246337890625000e+03	1.890789985656738281e+01	1.645001918077468872e-01
2.846253173828125000e+03	1.952860069274902344e+01	2.223628461360931396e-01
3.048513916015625000e+03	1.851460075378417969e+01	1.372719109058380127e-01
3.048521972656250000e+03	1.916220092773437500e+01	1.823534667491912842e-01
3.048530029296875000e+03	1.948870086669921875e+01	2.135993689298629761e-01
3.048537841796875000e+03	1.921999931335449219e+01	1.866986602544784546e-01
3.107520507812500000e+03	1.902569961547851562e+01	2.154698669910430908e-01
3.107522705078125000e+03	1.906789970397949219e+01	2.207077741622924805e-01
3.107527343750000000e+03	2.015329933166503906e+01	3.935278058052062988e-01
3.119414306640625000e+03	1.957060050964355469e+01	2.274353951215744019e-01
3.119424072265625000e+03	1.901040077209472656e+01	1.731805354356765747e-01
3.119433593750000000e+03	1.936050033569335938e+01	2.039654850959777832e-01
3.119443359375000000e+03	1.936190032958984375e+01	2.041569650173187256e-01
3.139352294921875000e+03	1.938559913635253906e+01	1.786361336708068848e-01
3.139362548828125000e+03	1.901420021057128906e+01	1.514294445514678955e-01
3.139372802734375000e+03	1.906819915771484375e+01	1.553459167480468750e-01
3.139383056640625000e+03	1.938949966430664062e+01	1.807841658592224121e-01
3.146281494140625000e+03	1.951180076599121094e+01	2.298314273357391357e-01
3.146288818359375000e+03	1.943300056457519531e+01	2.228458821773529053e-01
3.146296142578125000e+03	1.905739974975585938e+01	1.865554004907608032e-01
3.155205810546875000e+03	1.977389907836914062e+01	2.211384922266006470e-01
3.155215332031250000e+03	2.037619972229003906e+01	2.994355857372283936e-01
3.155234375000000000e+03	1.935919952392578125e+01	1.778777986764907837e-01
3.165400390625000000e+03	1.964830017089843750e+01	2.404446154832839966e-01
3.165406982421875000e+03	1.979430007934570312e+01	2.581523358821868896e-01
3.165413818359375000e+03	2.012660026550292969e+01	3.107851445674896240e-01
3.165420654296875000e+03	1.994319915771484375e+01	2.827665209770202637e-01
3.178347412109375000e+03	1.952739906311035156e+01	2.315677553415298462e-01
3.178352539062500000e+03	1.914290046691894531e+01	1.923465728759765625e-01
3.178357421875000000e+03	1.940449905395507812e+01	2.188313305377960205e-01
3.178362548828125000e+03	1.938579940795898438e+01	2.172176539897918701e-01
3.198235351562500000e+03	1.945630073547363281e+01	2.175686657428741455e-01
3.198253417968750000e+03	1.887360000610351562e+01	1.650647073984146118e-01
3.198262451171875000e+03	1.922349929809570312e+01	1.954721808433532715e-01
3.207203613281250000e+03	1.918519973754882812e+01	1.967071145772933960e-01
3.207211914062500000e+03	1.931439971923828125e+01	2.091559022665023804e-01
3.207220458984375000e+03	1.914259910583496094e+01	1.932095885276794434e-01
3.207228759765625000e+03	1.951639938354492188e+01	2.328123897314071655e-01
3.215244873046875000e+03	1.920719909667968750e+01	1.936391294002532959e-01
3.215253906250000000e+03	1.913929939270019531e+01	1.882004886865615845e-01
3.215258544921875000e+03	1.879319953918457031e+01	1.604767590761184692e-01
3.465490234375000000e+03	1.932279968261718750e+01	1.857621818780899048e-01
3.465496582031250000e+03	1.947949981689453125e+01	1.999533176422119141e-01
3.465502685546875000e+03	1.960210037231445312e+01	2.121754139661788940e-01
3.465508789062500000e+03	1.950749969482421875e+01	2.030794918537139893e-01
3.489432373046875000e+03	1.932410049438476562e+01	2.002830356359481812e-01
3.489437011718750000e+03	1.962500000000000000e+01	2.329089790582656860e-01
3.489441406250000000e+03	1.970289993286132812e+01	2.419238388538360596e-01
3.489445800781250000e+03	1.964229965209960938e+01	2.345949560403823853e-01
3.495351074218750000e+03	1.986160087585449219e+01	2.676003277301788330e-01
3.495358154296875000e+03	1.953879928588867188e+01	2.275702357292175293e-01
3.495365234375000000e+03	1.956010055541992188e+01	2.287264466285705566e-01
3.495372558593750000e+03	1.967600059509277344e+01	2.408185303211212158e-01
3.501392578125000000e+03	1.917749977111816406e+01	1.882250458002090454e-01
3.501396484375000000e+03	1.927739906311035156e+01	1.982723921537399292e-01
3.501400390625000000e+03	1.934350013732910156e+01	2.043810784816741943e-01
3.501404541015625000e+03	1.941390037536621094e+01	2.116894423961639404e-01
3.522357177734375000e+03	2.023159980773925781e+01	3.317683637142181396e-01
3.522362792968750000e+03	1.979759979248046875e+01	2.614870369434356689e-01
3.522368164062500000e+03	1.993659973144531250e+01	2.813904583454132080e-01
3.522373779296875000e+03	1.963260078430175781e+01	2.394649088382720947e-01
3.528310546875000000e+03	1.959350013732910156e+01	2.355646491050720215e-01
3.528325439453125000e+03	2.043840026855468750e+01	3.685553371906280518e-01
3.528333007812500000e+03	2.016780090332031250e+01	3.171277642250061035e-01
3.536256591796875000e+03	2.051749992370605469e+01	3.594317138195037842e-01
3.536264404296875000e+03	1.970389938354492188e+01	2.334668189287185669e-01
3.536272216796875000e+03	1.973329925537109375e+01	2.374902516603469849e-01
3.536280029296875000e+03	1.941959953308105469e+01	2.027191519737243652e-01
3.551239990234375000e+03	1.956369972229003906e+01	2.236298769712448120e-01
3.551243896484375000e+03	1.983849906921386719e+01	2.573629617691040039e-01
3.551248046875000000e+03	1.985009956359863281e+01	2.589156925678253174e-01
3.551251953125000000e+03	1.932049942016601562e+01	1.983451694250106812e-01
3.559324218750000000e+03	1.926320075988769531e+01	1.782658696174621582e-01
3.559332519531250000e+03	1.969479942321777344e+01	2.196121215820312500e-01
3.559344482421875000e+03	1.977849960327148438e+01	2.290240824222564697e-01
3.559352783203125000e+03	1.988039970397949219e+01	2.412211149930953979e-01
3.567223144531250000e+03	1.987310028076171875e+01	2.620381712913513184e-01
3.765492675781250000e+03	1.900000000000000000e+01	1.705362051725387573e-01
3.765496826171875000e+03	1.964710044860839844e+01	2.332480400800704956e-01
3.765500732421875000e+03	1.983819961547851562e+01	2.573302388191223145e-01
3.801452880859375000e+03	1.901569938659667969e+01	1.717777252197265625e-01
3.801456787109375000e+03	1.879109954833984375e+01	1.552694737911224365e-01
3.801460937500000000e+03	1.918560028076171875e+01	1.859388053417205811e-01
3.801464843750000000e+03	1.935829925537109375e+01	2.020354866981506348e-01
3.818448242187500000e+03	1.933499908447265625e+01	1.997593045234680176e-01
3.818456787109375000e+03	1.906760025024414062e+01	1.759399026632308960e-01
3.818465576171875000e+03	1.917070007324218750e+01	1.846448034048080444e-01
3.818474121093750000e+03	1.917130088806152344e+01	1.846909075975418091e-01
3.824473388671875000e+03	2.004050064086914062e+01	2.862503230571746826e-01
3.847382812500000000e+03	1.953730010986328125e+01	2.136732041835784912e-01
3.847390136718750000e+03	1.899379920959472656e+01	1.650489270687103271e-01
3.847397216796875000e+03	1.916780090332031250e+01	1.783684641122817993e-01
3.847404296875000000e+03	1.938579940795898438e+01	1.983160376548767090e-01
3.854415283203125000e+03	1.905360031127929688e+01	1.713007092475891113e-01
3.854420166015625000e+03	1.891189956665039062e+01	1.610306352376937866e-01
3.854425292968750000e+03	1.926700019836425781e+01	1.893658638000488281e-01
3.854430175781250000e+03	1.906900024414062500e+01	1.722501516342163086e-01
3.872432373046875000e+03	1.943280029296875000e+01	2.423594146966934204e-01
3.872440429687500000e+03	1.941930007934570312e+01	2.371318936347961426e-01
3.878280761718750000e+03	1.911840057373046875e+01	1.775936633348464966e-01
3.878285156250000000e+03	1.946870040893554688e+01	2.104986011981964111e-01
3.878289794921875000e+03	1.930319976806640625e+01	1.937604993581771851e-01
3.878294189453125000e+03	1.945459938049316406e+01	2.087600827217102051e-01
3.884368164062500000e+03	1.933020019531250000e+01	1.962691992521286011e-01
3.884377197265625000e+03	1.915900039672851562e+01	1.807197481393814087e-01
3.884385986328125000e+03	1.930699920654296875e+01	1.949466466903686523e-01
3.884394775390625000e+03	1.909910011291503906e+01	1.765713393688201904e-01
3.890358154296875000e+03	1.944980049133300781e+01	2.125013470649719238e-01
3.890364990234375000e+03	1.965609931945800781e+01	2.367752194404602051e-01
3.890371582031250000e+03	1.916810035705566406e+01	1.843230575323104858e-01
3.890378173828125000e+03	1.935409927368164062e+01	2.016503214836120605e-01
3.906350341796875000e+03	1.936569976806640625e+01	1.989892870187759399e-01
3.906355468750000000e+03	1.906240081787109375e+01	1.730505526065826416e-01
3.906360595703125000e+03	1.924279975891113281e+01	1.887430399656295776e-01
3.906365722656250000e+03	1.938839912414550781e+01	2.024230211973190308e-01
3.913305419921875000e+03	1.893670082092285156e+01	1.628008633852005005e-01
3.913312988281250000e+03	2.013699913024902344e+01	3.026077747344970703e-01
3.913320556640625000e+03	1.955410003662109375e+01	2.375415712594985962e-01
3.913328125000000000e+03	1.901000022888183594e+01	1.865792572498321533e-01
3.938258056640625000e+03	1.907749938964843750e+01	1.748241633176803589e-01
3.938263183593750000e+03	1.936650085449218750e+01	2.010998129844665527e-01
3.938268066406250000e+03	1.912360000610351562e+01	1.787808388471603394e-01
3.938273193359375000e+03	1.945199966430664062e+01	2.100421786308288574e-01
3.944160400390625000e+03	1.936510086059570312e+01	2.242289036512374878e-01
3.944165527343750000e+03	1.933600044250488281e+01	2.052529454231262207e-01
3.944170410156250000e+03	1.929269981384277344e+01	2.023142725229263306e-01
3.944175537109375000e+03	1.923740005493164062e+01	1.998935639858245850e-01
4.177432128906250000e+03	1.892770004272460938e+01	1.638422906398773193e-01
4.177438964843750000e+03	1.881180000305175781e+01	1.553459167480468750e-01
4.177445312500000000e+03	1.872540092468261719e+01	1.496854871511459351e-01
4.177452148437500000e+03	1.874010086059570312e+01	1.501344293355941772e-01
4.198490722656250000e+03	1.868190002441406250e+01	1.778676211833953857e-01
4.198495605468750000e+03	1.849959945678710938e+01	1.622329652309417725e-01
4.198500488281250000e+03	1.912109947204589844e+01	2.078908085823059082e-01
4.198506835937500000e+03	1.805629920959472656e+01	1.456345766782760620e-01
4.205482910156250000e+03	1.882500076293945312e+01	1.877238601446151733e-01
4.205487792968750000e+03	1.866029930114746094e+01	1.684035807847976685e-01
4.205493164062500000e+03	1.875349998474121094e+01	2.055788934230804443e-01
4.205498046875000000e+03	1.842989921569824219e+01	1.666523367166519165e-01
4.213498046875000000e+03	1.896820068359375000e+01	1.720315665006637573e-01
4.213504882812500000e+03	1.885759925842285156e+01	1.668975055217742920e-01
4.213512207031250000e+03	1.891959953308105469e+01	1.731526553630828857e-01
4.213519042968750000e+03	1.869960021972656250e+01	1.561242491006851196e-01
4.218296386718750000e+03	1.889340019226074219e+01	1.733947992324829102e-01
4.218302246093750000e+03	1.947389984130859375e+01	2.460463494062423706e-01
4.218307617187500000e+03	1.895829963684082031e+01	1.744702309370040894e-01
4.218312988281250000e+03	1.893000030517578125e+01	1.708370596170425415e-01
4.244316406250000000e+03	1.886330032348632812e+01	1.589786708354949951e-01
4.244324218750000000e+03	1.884040069580078125e+01	1.576897054910659790e-01
4.244331054687500000e+03	1.850230026245117188e+01	1.365218609571456909e-01
4.244338378906250000e+03	1.882299995422363281e+01	1.555568128824234009e-01
4.256263671875000000e+03	1.924640083312988281e+01	1.911721229553222656e-01
4.256270019531250000e+03	1.914949989318847656e+01	1.836172044277191162e-01
4.256276855468750000e+03	1.872559928894042969e+01	1.513306349515914917e-01
4.256283203125000000e+03	1.885330009460449219e+01	1.598165929317474365e-01
5.723500000000000000e+03	2.020639991760253906e+01	2.101647406816482544e-01
5.423500000000000000e+03	2.170989990234375000e+01	4.518806338310241699e-01
5.012500000000000000e+03	1.872209930419921875e+01	1.146773397922515869e-01
4.944500000000000000e+03	1.851440048217773438e+01	1.234487965703010559e-01
4.556500000000000000e+03	1.870190048217773438e+01	1.068646311759948730e-01
5.635500000000000000e+03	2.045159912109375000e+01	2.346938401460647583e-01
5.027500000000000000e+03	1.884259986877441406e+01	1.271774619817733765e-01
5.635500000000000000e+03	2.005719947814941406e+01	1.935583502054214478e-01
5.733500000000000000e+03	2.080200004577636719e+01	2.875156402587890625e-01
5.767500000000000000e+03	2.092259979248046875e+01	3.186498284339904785e-01
4.567500000000000000e+03	1.862989997863769531e+01	1.046098321676254272e-01
5.385500000000000000e+03	2.021260070800781250e+01	1.985493749380111694e-01
4.887500000000000000e+03	1.884359931945800781e+01	1.206302940845489502e-01
4.993500000000000000e+03	1.897870063781738281e+01	1.262528747320175171e-01
5.378500000000000000e+03	2.034460067749023438e+01	2.117971330881118774e-01
4.867500000000000000e+03	1.870549964904785156e+01	1.132415756583213806e-01
4.536500000000000000e+03	1.861070060729980469e+01	1.026755571365356445e-01
5.628500000000000000e+03	1.986039924621582031e+01	1.751322299242019653e-01
5.733500000000000000e+03	1.999600028991699219e+01	1.916130334138870239e-01
5.402500000000000000e+03	2.017289924621582031e+01	2.004937678575515747e-01
5.040500000000000000e+03	1.904360008239746094e+01	1.298644691705703735e-01
5.740500000000000000e+03	1.946719932556152344e+01	1.489004194736480713e-01
5.423500000000000000e+03	2.011709976196289062e+01	1.937200129032135010e-01
4.923500000000000000e+03	1.895240020751953125e+01	1.227864697575569153e-01
4.979500000000000000e+03	1.889150047302246094e+01	1.267996430397033691e-01
5.246500000000000000e+03	1.991020011901855469e+01	1.718954145908355713e-01
4.969500000000000000e+03	1.902400016784667969e+01	1.303460448980331421e-01
5.328500000000000000e+03	1.952470016479492188e+01	1.481193453073501587e-01
5.410500000000000000e+03	1.938789939880371094e+01	1.402333378791809082e-01
4.536500000000000000e+03	1.846990013122558594e+01	9.788922965526580811e-02
4.686500000000000000e+03	1.912779998779296875e+01	1.302796602249145508e-01
5.378500000000000000e+03	1.993720054626464844e+01	1.742799282073974609e-01
5.402500000000000000e+03	1.912910079956054688e+01	1.274561733007431030e-01
5.748500000000000000e+03	2.010969924926757812e+01	2.003130912780761719e-01
5.213500000000000000e+03	1.963599967956542969e+01	1.590340584516525269e-01
4.611500000000000000e+03	1.890469932556152344e+01	1.176152974367141724e-01
5.337500000000000000e+03	2.001000022888183594e+01	1.848641782999038696e-01
5.709500000000000000e+03	2.170470046997070312e+01	4.682873189449310303e-01
5.332500000000000000e+03	2.006439971923828125e+01	1.839462369680404663e-01
4.686500000000000000e+03	1.874419975280761719e+01	1.125655174255371094e-01
5.648500000000000000e+03	2.011630058288574219e+01	1.958623826503753662e-01
5.029500000000000000e+03	1.874600028991699219e+01	1.299464404582977295e-01
5.259500000000000000e+03	1.890539932250976562e+01	1.123964712023735046e-01
4.982500000000000000e+03	1.872769927978515625e+01	1.162773296236991882e-01
4.972500000000000000e+03	1.901449966430664062e+01	1.329416036605834961e-01
5.302500000000000000e+03	1.951899909973144531e+01	1.431630402803421021e-01
5.357500000000000000e+03	1.954809951782226562e+01	1.493076682090759277e-01
5.040500000000000000e+03	1.866169929504394531e+01	1.124854013323783875e-01
5.733500000000000000e+03	2.099950027465820312e+01	3.199447095394134521e-01
5.683500000000000000e+03	2.017140007019042969e+01	2.024541348218917847e-01
5.400500000000000000e+03	1.892550086975097656e+01	1.154727414250373840e-01
5.052500000000000000e+03	1.852280044555664062e+01	1.101891919970512390e-01
5.324500000000000000e+03	1.965229988098144531e+01	1.543375551700592041e-01
4.944500000000000000e+03	1.838999938964843750e+01	1.252889931201934814e-01
5.319500000000000000e+03	2.125090026855468750e+01	3.798642158508300781e-01
5.023500000000000000e+03	1.893289947509765625e+01	1.251868456602096558e-01
5.328500000000000000e+03	2.018239974975585938e+01	2.077217102050781250e-01
4.562500000000000000e+03	1.920929908752441406e+01	1.318127959966659546e-01
4.982500000000000000e+03	1.878059959411621094e+01	1.189369335770606995e-01
5.310500000000000000e+03	1.933869934082031250e+01	1.507941186428070068e-01
5.357500000000000000e+03	1.994779968261718750e+01	1.793112754821777344e-01
5.324500000000000000e+03	2.003289985656738281e+01	1.834364980459213257e-01
5.045500000000000000e+03	1.953750038146972656e+01	1.615400016307830811e-01
5.716500000000000000e+03	2.038030052185058594e+01	2.267426550388336182e-01
5.762500000000000000e+03	2.109980010986328125e+01	3.406270444393157959e-01
5.310500000000000000e+03	2.007290077209472656e+01	2.063514292240142822e-01
5.023500000000000000e+03	1.889699935913085938e+01	1.231980696320533752e-01
5.352500000000000000e+03	2.054990005493164062e+01	2.514820396900177002e-01
4.972500000000000000e+03	1.879800033569335938e+01	1.221562549471855164e-01
5.340500000000000000e+03	1.976619911193847656e+01	1.641894578933715820e-01
4.993500000000000000e+03	1.893569946289062500e+01	1.237475350499153137e-01
5.393500000000000000e+03	1.995829963684082031e+01	2.087600827217102051e-01
4.562500000000000000e+03	1.864419937133789062e+01	1.057051569223403931e-01
5.393500000000000000e+03	1.988599967956542969e+01	1.772506684064865112e-01
5.410500000000000000e+03	2.036289978027343750e+01	2.195919901132583618e-01
5.631500000000000000e+03	2.007069969177246094e+01	1.939362436532974243e-01
5.767500000000000000e+03	2.054140090942382812e+01	2.598204910755157471e-01
5.767500000000000000e+03	2.171129989624023438e+01	4.970690011978149414e-01
5.381500000000000000e+03	1.983550071716308594e+01	1.663516461849212646e-01
5.033500000000000000e+03	1.862689971923828125e+01	1.425794064998626709e-01
4.556500000000000000e+03	1.885269927978515625e+01	1.128386482596397400e-01
5.045500000000000000e+03	1.912089920043945312e+01	1.343355327844619751e-01
4.972500000000000000e+03	1.858970069885253906e+01	1.136906892061233521e-01
5.709500000000000000e+03	2.015880012512207031e+01	2.040452063083648682e-01
