4.804500000000000000e+03	1.930870056152343750e+01	1.466318666934967041e-01
4.775500000000000000e+03	1.902960014343261719e+01	1.295905262231826782e-01
4.559500000000000000e+03	2.038640022277832031e+01	2.336374074220657349e-01
4.846500000000000000e+03	1.921920013427734375e+01	1.393180340528488159e-01
4.771500000000000000e+03	1.909499931335449219e+01	1.313715279102325439e-01
4.846500000000000000e+03	1.930170059204101562e+01	1.437989771366119385e-01
4.835500000000000000e+03	1.879949951171875000e+01	1.146793141961097717e-01
4.793500000000000000e+03	1.874570083618164062e+01	1.159733608365058899e-01
4.892500000000000000e+03	1.908869934082031250e+01	1.319344639778137207e-01
4.793500000000000000e+03	1.875760078430175781e+01	1.165318042039871216e-01
4.835500000000000000e+03	1.903300094604492188e+01	1.250145137310028076e-01
4.926500000000000000e+03	2.061350059509277344e+01	2.850011587142944336e-01
4.881500000000000000e+03	1.853879928588867188e+01	1.086424514651298523e-01
4.892500000000000000e+03	1.912229919433593750e+01	1.341271251440048218e-01
4.804500000000000000e+03	1.905920028686523438e+01	1.321966499090194702e-01
4.846500000000000000e+03	1.941510009765625000e+01	1.512842029333114624e-01
4.881500000000000000e+03	1.895420074462890625e+01	1.273346990346908569e-01
4.778500000000000000e+03	1.878219985961914062e+01	1.175035089254379272e-01
4.905500000000000000e+03	1.872509956359863281e+01	1.170413941144943237e-01
4.823500000000000000e+03	1.918040084838867188e+01	1.359000951051712036e-01
4.823500000000000000e+03	1.891259956359863281e+01	1.217230707406997681e-01
4.796500000000000000e+03	1.901779937744140625e+01	1.327841728925704956e-01
4.831500000000000000e+03	1.897349929809570312e+01	1.254714280366897583e-01
4.905500000000000000e+03	1.929549980163574219e+01	1.459591537714004517e-01
4.887500000000000000e+03	1.892329978942871094e+01	1.240847334265708923e-01
4.892500000000000000e+03	1.880369949340820312e+01	1.178446263074874878e-01
4.835500000000000000e+03	1.881349945068359375e+01	1.152459830045700073e-01
4.864500000000000000e+03	1.879140090942382812e+01	1.162710487842559814e-01
4.864500000000000000e+03	1.898390007019042969e+01	1.252236962318420410e-01
4.792003784179687500e+02	1.948690032958984375e+01	2.354646325111389160e-01
4.792083435058593750e+02	1.987109947204589844e+01	2.835493385791778564e-01
4.792163391113281250e+02	1.965730094909667969e+01	2.566781938076019287e-01
4.792243347167968750e+02	2.003470039367675781e+01	3.124522268772125244e-01
4.513498229980468750e+02	2.066519927978515625e+01	4.477008283138275146e-01
4.513628540039062500e+02	1.939819908142089844e+01	2.290240824222564697e-01
4.013570556640625000e+02	1.968709945678710938e+01	2.789042294025421143e-01
4.013631286621093750e+02	1.964679908752441406e+01	2.723977565765380859e-01
4.013691711425781250e+02	1.967939949035644531e+01	2.771733403205871582e-01
4.013753662109375000e+02	1.932839965820312500e+01	2.312834262847900391e-01
3.904171142578125000e+02	2.035129928588867188e+01	3.928617537021636963e-01
3.904219360351562500e+02	2.006870079040527344e+01	3.351190388202667236e-01
3.904268188476562500e+02	2.078089904785156250e+01	5.068094134330749512e-01
7.264672241210937500e+02	1.982360076904296875e+01	2.619000673294067383e-01
7.264720458984375000e+02	1.954820060729980469e+01	2.266315370798110962e-01
7.264769287109375000e+02	2.009070014953613281e+01	3.008796274662017822e-01
7.264817504882812500e+02	1.962490081787109375e+01	2.352151423692703247e-01
8.322932739257812500e+02	1.984810066223144531e+01	2.708592712879180908e-01
8.322998657226562500e+02	1.981200027465820312e+01	2.651686370372772217e-01
8.323064575195312500e+02	1.944149971008300781e+01	2.195517569780349731e-01
8.323130493164062500e+02	2.035140037536621094e+01	3.582284450531005859e-01
5.371238403320312500e+02	1.968819999694824219e+01	2.608029544353485107e-01
5.371298828125000000e+02	1.927190017700195312e+01	2.112426161766052246e-01
5.371358642578125000e+02	1.938360023498535156e+01	2.226985245943069458e-01
5.371417846679687500e+02	1.987739944458007812e+01	2.895376086235046387e-01
5.041365051269531250e+02	1.915570068359375000e+01	1.964524686336517334e-01
5.041437377929687500e+02	1.949279975891113281e+01	2.320201396942138672e-01
5.041509704589843750e+02	1.993479919433593750e+01	2.938064336776733398e-01
5.041582336425781250e+02	1.995070075988769531e+01	3.144990205764770508e-01
8.013125610351562500e+02	2.072340011596679688e+01	4.292703866958618164e-01
8.013236083984375000e+02	1.948690032958984375e+01	2.206056118011474609e-01
8.073021240234375000e+02	1.929780006408691406e+01	1.982142329216003418e-01
8.073091430664062500e+02	1.878730010986328125e+01	1.570290476083755493e-01
8.073161010742187500e+02	1.951029968261718750e+01	2.242718935012817383e-01
8.073231811523437500e+02	1.962089920043945312e+01	2.340042740106582642e-01
8.083612060546875000e+02	1.994230079650878906e+01	8.365369439125061035e-01
7.634010009765625000e+02	1.960869979858398438e+01	2.373364567756652832e-01
7.634064941406250000e+02	1.993569946289062500e+01	2.799077332019805908e-01
7.634174804687500000e+02	1.996150016784667969e+01	2.848682999610900879e-01
7.444689331054687500e+02	1.998830032348632812e+01	2.830267548561096191e-01
7.444752807617187500e+02	1.969529914855957031e+01	2.620036303997039795e-01
7.453711547851562500e+02	1.960149955749511719e+01	2.310944795608520508e-01
7.453771362304687500e+02	2.021260070800781250e+01	3.177948892116546631e-01
1.188264770507812500e+03	1.947030067443847656e+01	2.185531556606292725e-01
1.188273315429687500e+03	1.954859924316406250e+01	2.258364260196685791e-01
1.188281860351562500e+03	1.955349922180175781e+01	2.263876646757125854e-01
1.188290527343750000e+03	1.925180053710937500e+01	1.952780336141586304e-01
1.200185546875000000e+03	1.927420043945312500e+01	1.960023641586303711e-01
1.200191406250000000e+03	1.952700042724609375e+01	2.219038307666778564e-01
1.200197387695312500e+03	1.975169944763183594e+01	2.498192787170410156e-01
1.200203247070312500e+03	1.908609962463378906e+01	1.791964173316955566e-01
1.215219116210937500e+03	1.954120063781738281e+01	2.479841858148574829e-01
1.215225585937500000e+03	1.947909927368164062e+01	2.344961762428283691e-01
1.215232177734375000e+03	1.964039993286132812e+01	2.549740076065063477e-01
1.215238647460937500e+03	1.966379928588867188e+01	2.482186853885650635e-01
8.951005859375000000e+02	1.976950073242187500e+01	2.609052062034606934e-01
8.951070556640625000e+02	1.975399971008300781e+01	2.587824463844299316e-01
8.951135253906250000e+02	1.945000076293945312e+01	2.222791612148284912e-01
8.951199951171875000e+02	1.957550048828125000e+01	2.374133169651031494e-01
9.081045532226562500e+02	1.925149917602539062e+01	2.199147641658782959e-01
8.601931762695312500e+02	1.971929931640625000e+01	2.590825259685516357e-01
8.751248779296875000e+02	1.959980010986328125e+01	2.354646325111389160e-01
8.751324462890625000e+02	1.893180084228515625e+01	1.701145172119140625e-01
8.751399536132812500e+02	1.934950065612792969e+01	2.073680311441421509e-01
8.751475219726562500e+02	1.911070060729980469e+01	1.848988980054855347e-01
9.231066284179687500e+02	2.040519905090332031e+01	3.762817978858947754e-01
1.162322875976562500e+03	1.958819961547851562e+01	2.344221919775009155e-01
1.162337036132812500e+03	1.933849906921386719e+01	2.083154767751693726e-01
1.162351318359375000e+03	1.934289932250976562e+01	2.084690481424331665e-01
1.162365600585937500e+03	1.896599960327148438e+01	1.744130700826644897e-01
1.172317626953125000e+03	1.923749923706054688e+01	1.976644992828369141e-01
1.172326660156250000e+03	1.966230010986328125e+01	2.440700680017471313e-01
1.172335815429687500e+03	1.942429924011230469e+01	2.166558355093002319e-01
1.172344970703125000e+03	1.948250007629394531e+01	2.227405905723571777e-01
1.128476074218750000e+03	1.943099975585937500e+01	2.208305746316909790e-01
1.139347900390625000e+03	1.919449996948242188e+01	1.909143030643463135e-01
1.139355957031250000e+03	1.950539970397949219e+01	2.224675714969635010e-01
1.139364013671875000e+03	1.954070091247558594e+01	2.272112071514129639e-01
1.139372070312500000e+03	1.960930061340332031e+01	2.347928583621978760e-01
1.144334960937500000e+03	1.929319953918457031e+01	1.998935639858245850e-01
1.144342529296875000e+03	1.932379913330078125e+01	2.032368034124374390e-01
1.144350219726562500e+03	1.950239944458007812e+01	2.232262045145034790e-01
1.144357910156250000e+03	1.943239974975585938e+01	2.146217674016952515e-01
1.154384643554687500e+03	1.982029914855957031e+01	2.680428922176361084e-01
1.154393554687500000e+03	1.906019973754882812e+01	1.822761297225952148e-01
1.154402587890625000e+03	1.934020042419433594e+01	2.110114395618438721e-01
1.154411499023437500e+03	1.879360008239746094e+01	1.623817384243011475e-01
1.102448120117187500e+03	1.931130027770996094e+01	2.150350809097290039e-01
1.102454345703125000e+03	1.929120063781738281e+01	2.131763398647308350e-01
1.102460327148437500e+03	1.922529983520507812e+01	2.092595547437667847e-01
1.102466186523437500e+03	1.933270072937011719e+01	2.149785757064819336e-01
1.249188964843750000e+03	1.969829940795898438e+01	2.469661235809326172e-01
1.249194335937500000e+03	1.964629936218261719e+01	2.413288205862045288e-01
1.249199707031250000e+03	1.959740066528320312e+01	2.360919266939163208e-01
1.249205200195312500e+03	2.002440071105957031e+01	2.967066764831542969e-01
1.231207275390625000e+03	1.932150077819824219e+01	2.037269622087478638e-01
1.231213867187500000e+03	1.920470046997070312e+01	1.933971345424652100e-01
1.231220336914062500e+03	1.962709999084472656e+01	2.393597215414047241e-01
1.231226928710937500e+03	1.960230064392089844e+01	2.360667288303375244e-01
1.528307373046875000e+03	1.969910049438476562e+01	2.424413412809371948e-01
1.528316040039062500e+03	1.986420059204101562e+01	2.575924694538116455e-01
1.528324707031250000e+03	1.912759971618652344e+01	1.801116019487380981e-01
1.528333251953125000e+03	1.916430091857910156e+01	1.842658072710037231e-01
1.539184936523437500e+03	1.899250030517578125e+01	1.481086015701293945e-01
1.539192138671875000e+03	1.927569961547851562e+01	1.708281785249710083e-01
1.539199340820312500e+03	1.953470039367675781e+01	1.898690015077590942e-01
1.539206542968750000e+03	1.966930007934570312e+01	2.020664066076278687e-01
1.466471191406250000e+03	1.939850044250488281e+01	2.086058408021926880e-01
1.466477783203125000e+03	1.947220039367675781e+01	2.125013470649719238e-01
1.466484375000000000e+03	1.958069992065429688e+01	2.257486283779144287e-01
1.466490966796875000e+03	1.949110031127929688e+01	2.141737341880798340e-01
1.484401000976562500e+03	1.923390007019042969e+01	1.881636828184127808e-01
1.484407958984375000e+03	1.947310066223144531e+01	2.117432653903961182e-01
1.484414672851562500e+03	1.937430000305175781e+01	2.012522518634796143e-01
1.484421508789062500e+03	1.929940032958984375e+01	1.940039843320846558e-01
1.927259521484375000e+03	1.982629966735839844e+01	2.558057606220245361e-01
1.927259521484375000e+03	2.009670066833496094e+01	2.950252294540405273e-01
1.927266845703125000e+03	1.920540046691894531e+01	1.885451525449752808e-01
1.927281372070312500e+03	1.940570068359375000e+01	2.122115492820739746e-01
1.940121582031250000e+03	1.974329948425292969e+01	2.732158899307250977e-01
1.940126220703125000e+03	1.940589904785156250e+01	2.306007444858551025e-01
1.626140258789062500e+03	1.929560089111328125e+01	1.967071145772933960e-01
1.626145751953125000e+03	1.958169937133789062e+01	2.256170958280563354e-01
1.626151123046875000e+03	1.988660049438476562e+01	2.642780244350433350e-01
1.626156616210937500e+03	1.928400039672851562e+01	1.960865110158920288e-01
1.584200317382812500e+03	1.935210037231445312e+01	2.010845839977264404e-01
1.584208129882812500e+03	1.963809967041015625e+01	2.316152453422546387e-01
1.584216064453125000e+03	1.930030059814453125e+01	1.960865110158920288e-01
1.584223999023437500e+03	1.924489974975585938e+01	1.912108808755874634e-01
1.600163940429687500e+03	1.942690086364746094e+01	2.108341455459594727e-01
1.600171020507812500e+03	1.993569946289062500e+01	2.747946381568908691e-01
1.600178344726562500e+03	1.956979942321777344e+01	2.258364260196685791e-01
1.600185546875000000e+03	1.932950019836425781e+01	1.981851756572723389e-01
1.793425170898437500e+03	1.979920005798339844e+01	3.500322997570037842e-01
1.793429565429687500e+03	1.988419914245605469e+01	3.610830605030059814e-01
1.793433959960937500e+03	2.006310081481933594e+01	4.002488255500793457e-01
1.793438354492187500e+03	1.986429977416992188e+01	3.587427437305450439e-01
1.894260375976562500e+03	1.985050010681152344e+01	2.701374888420104980e-01
1.894267700195312500e+03	1.990250015258789062e+01	2.778289616107940674e-01
1.894274780273437500e+03	1.930520057678222656e+01	2.054646313190460205e-01
1.894282104492187500e+03	1.939159965515136719e+01	2.127559632062911987e-01
1.901274780273437500e+03	1.989240074157714844e+01	2.782823741436004639e-01
1.901280883789062500e+03	1.922550010681152344e+01	1.975637674331665039e-01
1.901286865234375000e+03	1.959199905395507812e+01	2.370808422565460205e-01
1.909213745117187500e+03	1.988979911804199219e+01	2.700240314006805420e-01
1.909220336914062500e+03	1.965900039672851562e+01	2.391497790813446045e-01
1.909227172851562500e+03	1.968750000000000000e+01	2.452500164508819580e-01
1.909233886718750000e+03	1.988909912109375000e+01	2.682650089263916016e-01
1.869295654296875000e+03	1.952849960327148438e+01	2.295536249876022339e-01
1.869302978515625000e+03	1.968600082397460938e+01	2.471687346696853638e-01
1.869310302734375000e+03	1.968569946289062500e+01	2.486601620912551880e-01
1.869317626953125000e+03	1.969020080566406250e+01	2.478379756212234497e-01
1.876322387695312500e+03	1.931469917297363281e+01	2.050257772207260132e-01
1.876330444335937500e+03	1.961669921875000000e+01	2.371318936347961426e-01
1.876338500976562500e+03	1.921199989318847656e+01	1.944529563188552856e-01
1.876346557617187500e+03	1.920490074157714844e+01	1.956669688224792480e-01
1.879308837890625000e+03	1.985009956359863281e+01	2.674532830715179443e-01
1.879319335937500000e+03	1.935560035705566406e+01	2.080264091491699219e-01
1.879329833984375000e+03	1.955109977722167969e+01	2.288865596055984497e-01
1.879340332031250000e+03	1.890889930725097656e+01	1.688705533742904663e-01
1.880255371093750000e+03	1.947139930725097656e+01	2.279310077428817749e-01
1.880258911132812500e+03	1.976449966430664062e+01	2.704027295112609863e-01
1.880262451171875000e+03	1.953599929809570312e+01	2.644199132919311523e-01
1.880266113281250000e+03	2.024539947509765625e+01	3.402567505836486816e-01
1.852331298828125000e+03	1.945260047912597656e+01	2.223419100046157837e-01
1.852340087890625000e+03	1.958930015563964844e+01	2.373364567756652832e-01
1.852348999023437500e+03	1.912709999084472656e+01	1.902492493391036987e-01
1.852357910156250000e+03	1.963019943237304688e+01	2.423321157693862915e-01
2.283284179687500000e+03	1.936619949340820312e+01	2.107280045747756958e-01
2.283294433593750000e+03	1.924839973449707031e+01	1.999383717775344849e-01
2.283299560546875000e+03	1.920560073852539062e+01	1.973055005073547363e-01
2.289151611328125000e+03	1.949460029602050781e+01	2.297387272119522095e-01
2.289162109375000000e+03	1.905780029296875000e+01	1.855509728193283081e-01
2.289167236328125000e+03	1.937840080261230469e+01	2.143227607011795044e-01
2.296122802734375000e+03	1.972500038146972656e+01	3.287794589996337891e-01
2.296128662109375000e+03	2.043980026245117188e+01	4.931056201457977295e-01
2.309135986328125000e+03	1.886809921264648438e+01	2.239501625299453735e-01
1.991191406250000000e+03	1.946290016174316406e+01	2.312361449003219604e-01
1.991198852539062500e+03	2.005039978027343750e+01	3.170068860054016113e-01
1.953163574218750000e+03	1.922179985046386719e+01	1.907729804515838623e-01
1.953168701171875000e+03	1.970599937438964844e+01	2.407115101814270020e-01
1.953173828125000000e+03	2.044499969482421875e+01	3.614334166049957275e-01
1.953178955078125000e+03	1.888979911804199219e+01	1.633681356906890869e-01
1.959169555664062500e+03	1.921789932250976562e+01	1.956251710653305054e-01
1.959172729492187500e+03	1.961429977416992188e+01	2.365467697381973267e-01
1.959175903320312500e+03	1.957740020751953125e+01	2.317578941583633423e-01
2.010116943359375000e+03	2.009810066223144531e+01	3.992029726505279541e-01
2.010122314453125000e+03	1.946039962768554688e+01	2.816041707992553711e-01
2.018109130859375000e+03	1.900119972229003906e+01	2.213651686906814575e-01
2.018116455078125000e+03	1.915489959716796875e+01	2.427150607109069824e-01
2.018119995117187500e+03	1.993840026855468750e+01	3.755961358547210693e-01
2.260193359375000000e+03	1.942250061035156250e+01	2.239287644624710083e-01
2.260220214843750000e+03	1.929789924621582031e+01	2.063514292240142822e-01
2.260224853515625000e+03	1.918190002441406250e+01	1.968206465244293213e-01
2.268222900390625000e+03	1.825419998168945312e+01	1.292576789855957031e-01
2.278297363281250000e+03	1.960639953613281250e+01	3.018186688423156738e-01
2.278311035156250000e+03	1.930540084838867188e+01	2.593501508235931396e-01
2.278318115234375000e+03	1.900230026245117188e+01	2.214064598083496094e-01
2.221381591796875000e+03	1.928529930114746094e+01	2.056606411933898926e-01
2.221394287109375000e+03	1.997940063476562500e+01	2.954676151275634766e-01
2.221400634765625000e+03	1.898410034179687500e+01	1.768699735403060913e-01
2.228406494140625000e+03	1.934160041809082031e+01	2.087257802486419678e-01
2.228420410156250000e+03	1.960379981994628906e+01	2.405245900154113770e-01
2.228427246093750000e+03	1.919239997863769531e+01	1.961005330085754395e-01
2.248346679687500000e+03	1.992650032043457031e+01	2.896769940853118896e-01
2.248361816406250000e+03	1.958180046081542969e+01	2.381601631641387939e-01
2.248369628906250000e+03	1.934029960632324219e+01	2.112604379653930664e-01
2.200440917968750000e+03	1.908889961242675781e+01	2.193508893251419067e-01
2.200451904296875000e+03	1.908499908447265625e+01	2.203406542539596558e-01
2.200457519531250000e+03	1.914940071105957031e+01	2.264984101057052612e-01
2.347091308593750000e+03	1.910230064392089844e+01	1.607133150100708008e-01
2.347098144531250000e+03	1.923819923400878906e+01	1.710683554410934448e-01
2.347105224609375000e+03	1.927799987792968750e+01	1.742989271879196167e-01
2.347112060546875000e+03	1.877720069885253906e+01	1.407462358474731445e-01
2.317092529296875000e+03	1.891889953613281250e+01	1.446469128131866455e-01
2.317099121093750000e+03	1.927350044250488281e+01	1.670945584774017334e-01
2.317105957031250000e+03	1.946640014648437500e+01	1.805911511182785034e-01
2.317112548828125000e+03	1.906150054931640625e+01	1.498756855726242065e-01
2.323115722656250000e+03	1.942070007324218750e+01	2.180788666009902954e-01
2.323121093750000000e+03	1.931340026855468750e+01	2.078400403261184692e-01
2.323126220703125000e+03	1.904199981689453125e+01	1.824198365211486816e-01
2.323131591796875000e+03	1.931550025939941406e+01	2.099722176790237427e-01
2.336220214843750000e+03	1.944009971618652344e+01	2.536787986755371094e-01
2.336226318359375000e+03	1.925000000000000000e+01	2.296923995018005371e-01
2.336232666015625000e+03	1.905139923095703125e+01	2.065169960260391235e-01
2.336238769531250000e+03	1.929870033264160156e+01	2.403647303581237793e-01
2.373104736328125000e+03	1.935840034484863281e+01	2.020354866981506348e-01
2.373111572265625000e+03	1.887179946899414062e+01	1.609294265508651733e-01
2.373118408203125000e+03	1.920849990844726562e+01	1.879800111055374146e-01
2.309186279296875000e+03	1.988619995117187500e+01	2.807521820068359375e-01
2.309190917968750000e+03	1.940379905700683594e+01	2.224047034978866577e-01
2.260230957031250000e+03	1.913479995727539062e+01	1.883479505777359009e-01
2.260239990234375000e+03	1.897120094299316406e+01	1.752385497093200684e-01
2.260244628906250000e+03	1.913920021057128906e+01	1.902365237474441528e-01
2.233319335937500000e+03	1.929800033569335938e+01	2.062192857265472412e-01
2.233333251953125000e+03	1.981030082702636719e+01	2.666487991809844971e-01
2.233340087890625000e+03	1.957679939270019531e+01	2.364454567432403564e-01
2.577342773437500000e+03	1.871459960937500000e+01	1.590756475925445557e-01
2.577359863281250000e+03	1.904050064086914062e+01	1.829761117696762085e-01
2.577367675781250000e+03	1.905279922485351562e+01	1.841286271810531616e-01
2.577404541015625000e+03	1.946120071411132812e+01	2.703268826007843018e-01
2.584446289062500000e+03	1.901099967956542969e+01	1.794682890176773071e-01
2.584451171875000000e+03	1.929649925231933594e+01	2.062357813119888306e-01
2.584456298828125000e+03	1.914500045776367188e+01	1.913273483514785767e-01
2.584461425781250000e+03	1.894779968261718750e+01	1.745847612619400024e-01
2.631347412109375000e+03	1.880459976196289062e+01	1.648522317409515381e-01
2.631352539062500000e+03	1.933090019226074219e+01	2.124650478363037109e-01
2.631357666015625000e+03	2.019169998168945312e+01	3.348361253738403320e-01
2.631362792968750000e+03	1.986709976196289062e+01	2.822051048278808594e-01
2.639158203125000000e+03	1.970610046386718750e+01	2.576581537723541260e-01
2.639168457031250000e+03	1.895910072326660156e+01	1.773009747266769409e-01
2.639178466796875000e+03	1.905660057067871094e+01	1.847832500934600830e-01
2.639188964843750000e+03	1.900399971008300781e+01	1.809132248163223267e-01
2.645188720703125000e+03	1.931250000000000000e+01	1.962832808494567871e-01
2.645193359375000000e+03	1.940320014953613281e+01	1.997295171022415161e-01
2.645202148437500000e+03	1.935650062561035156e+01	2.041729539632797241e-01
2.671189941406250000e+03	1.895389938354492188e+01	1.760478913784027100e-01
2.671198486328125000e+03	1.949629974365234375e+01	2.281800806522369385e-01
2.671207031250000000e+03	1.900149917602539062e+01	1.803135573863983154e-01
2.671215576171875000e+03	1.908180046081542969e+01	1.868782341480255127e-01
2.676166748046875000e+03	1.932760047912597656e+01	2.088631093502044678e-01
2.676171875000000000e+03	1.909670066833496094e+01	1.868422627449035645e-01
2.676177001953125000e+03	1.901939964294433594e+01	1.834139525890350342e-01
2.676182128906250000e+03	1.876600074768066406e+01	1.672758758068084717e-01
2.691188720703125000e+03	1.914599990844726562e+01	1.932898908853530884e-01
2.691193847656250000e+03	1.903689956665039062e+01	1.836058944463729858e-01
2.691198730468750000e+03	1.944260025024414062e+01	2.230992168188095093e-01
2.691203857421875000e+03	1.928300094604492188e+01	2.061368227005004883e-01
2.719144042968750000e+03	1.935120010375976562e+01	2.013286054134368896e-01
2.719152832031250000e+03	1.920050048828125000e+01	1.996848583221435547e-01
2.719161132812500000e+03	1.917510032653808594e+01	1.991956681013107300e-01
2.719169677734375000e+03	1.887459945678710938e+01	1.724972128868103027e-01
2.733124511718750000e+03	1.873719978332519531e+01	1.612918972969055176e-01
2.733129150390625000e+03	1.907740020751953125e+01	1.897806376218795776e-01
2.733133789062500000e+03	1.954759979248046875e+01	2.388098090887069702e-01
2.733138183593750000e+03	1.924570083618164062e+01	2.059722244739532471e-01
2.938368896484375000e+03	1.912599945068359375e+01	1.689559370279312134e-01
2.938377441406250000e+03	1.878720092773437500e+01	1.440165191888809204e-01
2.938385986328125000e+03	1.896829986572265625e+01	1.565481126308441162e-01
2.938394531250000000e+03	1.897369956970214844e+01	1.562347114086151123e-01
2.965300537109375000e+03	1.884709930419921875e+01	1.710148751735687256e-01
2.965309570312500000e+03	1.894709968566894531e+01	1.794578135013580322e-01
2.965318603515625000e+03	1.941570091247558594e+01	2.241001129150390625e-01
2.965327636718750000e+03	1.924609947204589844e+01	2.055625617504119873e-01
2.978218017578125000e+03	1.934910011291503906e+01	2.502393722534179688e-01
2.978222900390625000e+03	1.883530044555664062e+01	1.929427087306976318e-01
2.978228027343750000e+03	1.900480079650878906e+01	2.096758037805557251e-01
2.978232910156250000e+03	1.973019981384277344e+01	3.038294315338134766e-01
3.003155273437500000e+03	1.901250076293945312e+01	1.867704093456268311e-01
3.003157470703125000e+03	1.905929946899414062e+01	1.911979615688323975e-01
3.003160156250000000e+03	1.896039962768554688e+01	1.866150498390197754e-01
3.003162597656250000e+03	1.836289978027343750e+01	1.470587849617004395e-01
3.004296630859375000e+03	1.924650001525878906e+01	2.079755216836929321e-01
3.004301757812500000e+03	1.867480087280273438e+01	1.589510142803192139e-01
3.004306884765625000e+03	1.857180023193359375e+01	1.517859399318695068e-01
3.004312011718750000e+03	1.891900062561035156e+01	1.775936633348464966e-01
3.014382324218750000e+03	1.906839942932128906e+01	2.098848968744277954e-01
3.014388671875000000e+03	1.948850059509277344e+01	2.573629617691040039e-01
3.014393798828125000e+03	1.816530036926269531e+01	1.312279850244522095e-01
3.014398925781250000e+03	1.907519912719726562e+01	2.008566856384277344e-01
3.032177734375000000e+03	1.895669937133789062e+01	1.766707003116607666e-01
3.032184570312500000e+03	1.908009910583496094e+01	1.862106919288635254e-01
3.032191162109375000e+03	1.891489982604980469e+01	1.728746742010116577e-01
3.032197998046875000e+03	1.895730018615722656e+01	1.764919906854629517e-01
3.046142089843750000e+03	1.894939994812011719e+01	1.759987771511077881e-01
3.046148925781250000e+03	1.887220001220703125e+01	1.708992272615432739e-01
3.046155517578125000e+03	1.901409912109375000e+01	1.818472295999526978e-01
3.046162353515625000e+03	1.900079917907714844e+01	1.816285848617553711e-01
3.052154052734375000e+03	1.883449935913085938e+01	1.674744635820388794e-01
3.052160888671875000e+03	1.891189956665039062e+01	1.738825589418411255e-01
3.052167480468750000e+03	1.893289947509765625e+01	1.755004525184631348e-01
3.052174316406250000e+03	1.917000007629394531e+01	1.964807063341140747e-01
3.059109619140625000e+03	1.869429969787597656e+01	1.379468441009521484e-01
3.059114990234375000e+03	1.915830039978027344e+01	1.687342524528503418e-01
3.059120361328125000e+03	1.882279968261718750e+01	1.451127231121063232e-01
3.059125732421875000e+03	1.891589927673339844e+01	1.511394679546356201e-01
3.074086669921875000e+03	1.891169929504394531e+01	1.752095371484756470e-01
3.074091796875000000e+03	1.881240081787109375e+01	1.682601273059844971e-01
3.074096923828125000e+03	1.897290039062500000e+01	1.798364520072937012e-01
3.074102294921875000e+03	1.878890037536621094e+01	1.650252938270568848e-01
3.080140869140625000e+03	1.922920036315917969e+01	2.049610167741775513e-01
3.080145996093750000e+03	1.867309951782226562e+01	1.580203473567962646e-01
3.080151123046875000e+03	1.900830078125000000e+01	1.832901090383529663e-01
3.080156250000000000e+03	1.917329978942871094e+01	1.997742205858230591e-01
3.103125732421875000e+03	1.885160064697265625e+01	1.763040274381637573e-01
3.103130859375000000e+03	1.870800018310546875e+01	1.651594340801239014e-01
3.103135742187500000e+03	1.913389968872070312e+01	2.027973234653472900e-01
3.103140869140625000e+03	1.929220008850097656e+01	2.197935581207275391e-01
3.114114990234375000e+03	1.882909965515136719e+01	1.514643728733062744e-01
3.114121093750000000e+03	1.800429916381835938e+01	1.097410991787910461e-01
3.114127197265625000e+03	1.904140090942382812e+01	1.674910485744476318e-01
3.114133300781250000e+03	1.995120048522949219e+01	2.616932988166809082e-01
2.697150634765625000e+03	1.905699920654296875e+01	1.843116134405136108e-01
2.697155273437500000e+03	1.913080024719238281e+01	1.902365237474441528e-01
2.697159912109375000e+03	1.924390029907226562e+01	2.019737064838409424e-01
2.697164550781250000e+03	1.878459930419921875e+01	1.629589945077896118e-01
3.287389160156250000e+03	1.912479972839355469e+01	2.057752609252929688e-01
3.287397460937500000e+03	1.923929977416992188e+01	2.176469117403030396e-01
3.287406005859375000e+03	1.916900062561035156e+01	2.092941403388977051e-01
3.287414550781250000e+03	1.918079948425292969e+01	2.105338424444198608e-01
3.312444580078125000e+03	1.886510086059570312e+01	1.675740629434585571e-01
3.312450195312500000e+03	1.930789947509765625e+01	2.062688022851943970e-01
3.312455566406250000e+03	1.903829956054687500e+01	1.816067695617675781e-01
3.312460937500000000e+03	1.918659973144531250e+01	1.950017362833023071e-01
3.341383544921875000e+03	1.886619949340820312e+01	1.715701669454574585e-01
3.341391601562500000e+03	1.922739982604980469e+01	2.043650448322296143e-01
3.341399902343750000e+03	1.866679954528808594e+01	1.578041315078735352e-01
3.341407958984375000e+03	1.896050071716308594e+01	1.802496910095214844e-01
3.346304199218750000e+03	1.921660041809082031e+01	2.025008201599121094e-01
3.346308837890625000e+03	1.897859954833984375e+01	1.800267845392227173e-01
3.346313232421875000e+03	1.883189964294433594e+01	1.680583357810974121e-01
3.346317871093750000e+03	1.936779975891113281e+01	2.180985659360885620e-01
3.384199707031250000e+03	1.914789962768554688e+01	1.953057199716567993e-01
3.384206787109375000e+03	1.943720054626464844e+01	2.247247248888015747e-01
3.384213867187500000e+03	1.919070053100585938e+01	1.993138939142227173e-01
3.384220947265625000e+03	1.918880081176757812e+01	1.988569945096969604e-01
3.428104003906250000e+03	1.994709968566894531e+01	3.948693871498107910e-01
3.428111572265625000e+03	1.955139923095703125e+01	2.902832627296447754e-01
3.428119140625000000e+03	1.995389938354492188e+01	3.256703615188598633e-01
3.428126708984375000e+03	1.921509933471679688e+01	2.100946754217147827e-01
3.437130371093750000e+03	1.932299995422363281e+01	2.148469090461730957e-01
3.437136962890625000e+03	1.937240028381347656e+01	2.366736084222793579e-01
3.437143554687500000e+03	1.925830078125000000e+01	2.074016183614730835e-01
3.437150146484375000e+03	1.921910095214843750e+01	2.034260928630828857e-01
3.449150878906250000e+03	1.962310028076171875e+01	2.189309448003768921e-01
3.449158203125000000e+03	1.872529983520507812e+01	1.459082663059234619e-01
3.449165527343750000e+03	1.872999954223632812e+01	1.455941796302795410e-01
3.449173095703125000e+03	1.905929946899414062e+01	1.680080145597457886e-01
3.479144287109375000e+03	1.849559974670410156e+01	1.366530954837799072e-01
3.651455078125000000e+03	1.852549934387207031e+01	1.385840326547622681e-01
3.651460937500000000e+03	1.922649955749511719e+01	1.895917356014251709e-01
3.651467041015625000e+03	1.936770057678222656e+01	2.029539346694946289e-01
3.651473144531250000e+03	1.954770088195800781e+01	2.218414694070816040e-01
3.657377929687500000e+03	1.929549980163574219e+01	1.959603428840637207e-01
3.657386230468750000e+03	1.952619934082031250e+01	2.194713354110717773e-01
3.657399169921875000e+03	1.925670051574707031e+01	1.923465728759765625e-01
3.657407470703125000e+03	1.932369995117187500e+01	1.986517459154129028e-01
3.681464111328125000e+03	1.929680061340332031e+01	1.961005330085754395e-01
3.681471679687500000e+03	1.935479927062988281e+01	2.016810625791549683e-01
3.681482421875000000e+03	1.935230064392089844e+01	2.014356702566146851e-01
3.681493164062500000e+03	1.950289916992187500e+01	2.169264853000640869e-01
3.695383056640625000e+03	1.866659927368164062e+01	1.470901966094970703e-01
3.695390625000000000e+03	1.912339973449707031e+01	1.805804371833801270e-01
3.695397949218750000e+03	1.939159965515136719e+01	2.053342908620834351e-01
3.695405517578125000e+03	1.928030014038085938e+01	1.945349574089050293e-01
3.716179931640625000e+03	1.859469985961914062e+01	1.426635980606079102e-01
3.716186523437500000e+03	1.919820022583007812e+01	1.870583742856979370e-01
3.716192871093750000e+03	1.967539978027343750e+01	2.366228401660919189e-01
3.737256347656250000e+03	1.951650047302246094e+01	2.183947116136550903e-01
3.737266845703125000e+03	1.959169960021972656e+01	2.268094122409820557e-01
3.737277587890625000e+03	1.921249961853027344e+01	1.883356422185897827e-01
3.737285400390625000e+03	1.932360076904296875e+01	1.986517459154129028e-01
3.753250488281250000e+03	1.925849914550781250e+01	1.925181597471237183e-01
3.753255371093750000e+03	1.935260009765625000e+01	2.014662921428680420e-01
3.753260498046875000e+03	1.900650024414062500e+01	1.710505187511444092e-01
3.753265625000000000e+03	1.917790031433105469e+01	1.852589249610900879e-01
3.766123046875000000e+03	1.923250007629394531e+01	1.901349127292633057e-01
3.766126953125000000e+03	1.919039916992187500e+01	1.863649487495422363e-01
3.766131103515625000e+03	1.936370086669921875e+01	2.025631219148635864e-01
3.766135009765625000e+03	1.941010093688964844e+01	2.072002887725830078e-01
3.796100585937500000e+03	1.952210044860839844e+01	2.190107405185699463e-01
3.796105712890625000e+03	1.926379966735839844e+01	1.930093169212341309e-01
3.796110595703125000e+03	1.918700027465820312e+01	1.860686689615249634e-01
3.796115722656250000e+03	1.917609977722167969e+01	1.851076632738113403e-01
3.811158447265625000e+03	1.914360046386718750e+01	1.822982132434844971e-01
3.811163574218750000e+03	1.907990074157714844e+01	1.769498884677886963e-01
3.811168701171875000e+03	1.917140007019042969e+01	1.847024559974670410e-01
3.811173583984375000e+03	1.986479949951171875e+01	2.609393298625946045e-01
3.817185058593750000e+03	1.933309936523437500e+01	1.995659023523330688e-01
3.817189697265625000e+03	1.936070060729980469e+01	2.022522240877151489e-01
3.817194091796875000e+03	1.950480079650878906e+01	2.171398848295211792e-01
3.817198730468750000e+03	1.955690002441406250e+01	2.228669524192810059e-01
3.824112304687500000e+03	1.942790031433105469e+01	2.090179473161697388e-01
3.824117431640625000e+03	1.960210037231445312e+01	2.279988527297973633e-01
3.824122558593750000e+03	1.900429916381835938e+01	1.708814501762390137e-01
3.824127441406250000e+03	1.937809944152832031e+01	2.039814293384552002e-01
3.831169433593750000e+03	1.890010070800781250e+01	1.629816442728042603e-01
3.831172363281250000e+03	1.874780082702636719e+01	1.523472070693969727e-01
3.831175537109375000e+03	1.865769958496093750e+01	1.465335935354232788e-01
3.841099609375000000e+03	1.927669906616210938e+01	1.942076385021209717e-01
3.841103515625000000e+03	1.961450004577636719e+01	2.294151335954666138e-01
3.841107666015625000e+03	1.895330047607421875e+01	1.669466942548751831e-01
3.841111572265625000e+03	1.931669998168945312e+01	1.979821622371673584e-01
4.034430175781250000e+03	1.902260017395019531e+01	1.700795441865921021e-01
4.034435302734375000e+03	1.925079917907714844e+01	1.895163506269454956e-01
4.034440185546875000e+03	1.937999916076660156e+01	2.002680152654647827e-01
4.034445312500000000e+03	1.896299934387207031e+01	1.655323207378387451e-01
4.054453369140625000e+03	1.899959945678710938e+01	1.668238341808319092e-01
4.054458251953125000e+03	1.894549942016601562e+01	1.635205596685409546e-01
4.054463378906250000e+03	1.902549934387207031e+01	1.682601273059844971e-01
4.054468505859375000e+03	1.875740051269531250e+01	1.501795947551727295e-01
4.062392089843750000e+03	1.924920082092285156e+01	2.391235679388046265e-01
4.062396728515625000e+03	1.917720031738281250e+01	1.855041384696960449e-01
4.062401123046875000e+03	1.935110092163085938e+01	1.996550858020782471e-01
4.062405761718750000e+03	1.942070007324218750e+01	2.045577317476272583e-01
4.069377929687500000e+03	1.903289985656738281e+01	1.686237752437591553e-01
4.069383056640625000e+03	1.908749961853027344e+01	1.724788695573806763e-01
4.069387939453125000e+03	1.941600036621093750e+01	1.984034329652786255e-01
4.069393066406250000e+03	1.922710037231445312e+01	1.839234828948974609e-01
4.078285400390625000e+03	1.916780090332031250e+01	1.774218976497650146e-01
4.078290527343750000e+03	1.894249916076660156e+01	1.607348769903182983e-01
4.078295654296875000e+03	1.934840011596679688e+01	1.932497322559356689e-01
4.078300537109375000e+03	1.896649932861328125e+01	1.622255295515060425e-01
4.084298583984375000e+03	1.964119911193847656e+01	2.204424440860748291e-01
4.084303710937500000e+03	1.917919921875000000e+01	1.777051091194152832e-01
4.084308593750000000e+03	1.920750045776367188e+01	1.789882183074951172e-01
4.084313720703125000e+03	1.919739913940429688e+01	1.770199239253997803e-01
4.087291015625000000e+03	1.879619979858398438e+01	1.508113145828247070e-01
4.087297607421875000e+03	1.906609916687011719e+01	1.673585325479507446e-01
4.087303955078125000e+03	1.936630058288574219e+01	1.934239715337753296e-01
4.087310546875000000e+03	1.943280029296875000e+01	2.029696106910705566e-01
4.108214843750000000e+03	1.919129943847656250e+01	1.792590320110321045e-01
4.108231445312500000e+03	1.922459983825683594e+01	1.916390806436538696e-01
4.108237304687500000e+03	1.940200042724609375e+01	1.938956379890441895e-01
4.108243164062500000e+03	1.919009971618652344e+01	1.963255256414413452e-01
4.116344238281250000e+03	1.913990020751953125e+01	1.969201564788818359e-01
4.116348632812500000e+03	1.928249931335449219e+01	2.108695656061172485e-01
4.116353027343750000e+03	1.973769950866699219e+01	3.019235432147979736e-01
4.116357421875000000e+03	1.915430068969726562e+01	2.335886210203170776e-01
4.126189453125000000e+03	1.894300079345703125e+01	1.593677848577499390e-01
4.126194824218750000e+03	1.911840057373046875e+01	1.712112128734588623e-01
4.126199707031250000e+03	1.943190002441406250e+01	1.976788938045501709e-01
4.126204589843750000e+03	1.954420089721679688e+01	2.134335190057754517e-01
4.136166015625000000e+03	1.919239997863769531e+01	1.808809190988540649e-01
4.136170898437500000e+03	1.944199943542480469e+01	2.042209208011627197e-01
4.136175781250000000e+03	1.914690017700195312e+01	1.755004525184631348e-01
4.136181152343750000e+03	1.896859931945800781e+01	1.624339222908020020e-01
4.175107910156250000e+03	1.906500053405761719e+01	1.704304516315460205e-01
4.175113281250000000e+03	1.898250007629394531e+01	1.652939766645431519e-01
4.175118164062500000e+03	1.875989913940429688e+01	1.483564227819442749e-01
4.175123046875000000e+03	1.915360069274902344e+01	1.757148355245590210e-01
4.195100097656250000e+03	1.928560066223144531e+01	1.903001368045806885e-01
4.195106445312500000e+03	1.915769958496093750e+01	1.824419796466827393e-01
4.195112304687500000e+03	1.936899948120117188e+01	2.006145119667053223e-01
4.195118164062500000e+03	1.911409950256347656e+01	1.777051091194152832e-01
4.201099121093750000e+03	1.958359909057617188e+01	2.245087325572967529e-01
4.201103515625000000e+03	1.912120056152343750e+01	1.779898405075073242e-01
4.201107421875000000e+03	1.913909912109375000e+01	1.781532317399978638e-01
4.201111328125000000e+03	1.937999916076660156e+01	2.033313810825347900e-01
4.213108398437500000e+03	1.942880058288574219e+01	2.117253243923187256e-01
4.213113281250000000e+03	1.904509925842285156e+01	1.745274662971496582e-01
4.213118652343750000e+03	1.940699958801269531e+01	2.104986011981964111e-01
4.213123535156250000e+03	1.929579925537109375e+01	1.985493749380111694e-01
4.213123535156250000e+03	1.990390014648437500e+01	2.700618207454681396e-01
4.562600097656250000e+02	1.950449943542480469e+01	1.073809415102005005e-01
4.562679748535156250e+02	1.953899955749511719e+01	1.094473153352737427e-01
4.562760314941406250e+02	1.971669960021972656e+01	1.170069873332977295e-01
4.562840576171875000e+02	1.961109924316406250e+01	1.116341352462768555e-01
4.841604919433593750e+02	1.957620048522949219e+01	1.102424338459968567e-01
4.841685791015625000e+02	1.955960083007812500e+01	1.093410477042198181e-01
4.841765441894531250e+02	1.959799957275390625e+01	1.117593497037887573e-01
4.841859130859375000e+02	1.954420089721679688e+01	1.089599877595901489e-01
4.313260803222656250e+02	1.957970046997070312e+01	1.086268424987792969e-01
4.313359680175781250e+02	1.961190032958984375e+01	1.080606207251548767e-01
4.313458557128906250e+02	1.947410011291503906e+01	1.057715564966201782e-01
4.313558044433593750e+02	1.873410034179687500e+01	8.238502591848373413e-02
5.121027832031250000e+02	1.957649993896484375e+01	1.244865357875823975e-01
5.121082763671875000e+02	1.962170028686523438e+01	1.581967771053314209e-01
5.121137084960937500e+02	1.949950027465820312e+01	1.419814974069595337e-01
5.121191406250000000e+02	1.971619987487792969e+01	1.610740721225738525e-01
8.023662109375000000e+02	1.954479980468750000e+01	1.235426813364028931e-01
8.023706665039062500e+02	1.958139991760253906e+01	1.255200654268264771e-01
8.023751220703125000e+02	1.863220024108886719e+01	9.029829502105712891e-02
8.023795776367187500e+02	1.954109954833984375e+01	1.326132565736770630e-01
7.594252319335937500e+02	1.843219947814941406e+01	8.573241531848907471e-02
7.594325561523437500e+02	1.954719924926757812e+01	1.241751015186309814e-01
7.594399414062500000e+02	1.945770072937011719e+01	1.200580224394798279e-01
7.594472045898437500e+02	1.952090072631835938e+01	1.232698783278465271e-01
8.991555786132812500e+02	1.941580009460449219e+01	1.197701096534729004e-01
8.991600341796875000e+02	1.955769920349121094e+01	1.266954839229583740e-01
8.991644897460937500e+02	1.956830024719238281e+01	1.268981695175170898e-01
8.991689453125000000e+02	1.945960044860839844e+01	1.219669282436370850e-01
1.160315795898437500e+03	1.920619964599609375e+01	1.028661355376243591e-01
1.160320190429687500e+03	1.936779975891113281e+01	1.089505031704902649e-01
1.160324829101562500e+03	1.923749923706054688e+01	1.041792035102844238e-01
1.160329223632812500e+03	1.925620079040527344e+01	1.047432646155357361e-01
1.572193237304687500e+03	1.949519920349121094e+01	1.159609481692314148e-01
1.572198730468750000e+03	1.934639930725097656e+01	1.111703813076019287e-01
1.572204101562500000e+03	1.940749931335449219e+01	1.130013093352317810e-01
1.572209594726562500e+03	1.950930023193359375e+01	1.172986328601837158e-01
1.255151977539062500e+03	1.917429924011230469e+01	1.033355519175529480e-01
1.255157470703125000e+03	1.940900039672851562e+01	1.126495376229286194e-01
1.255163085937500000e+03	1.929649925231933594e+01	1.081446409225463867e-01
1.255168457031250000e+03	1.920800018310546875e+01	1.050098165869712830e-01
1.226135009765625000e+03	1.935519981384277344e+01	1.150310933589935303e-01
1.226142211914062500e+03	1.945789909362792969e+01	1.161728575825691223e-01
1.226149291992187500e+03	1.938059997558593750e+01	1.101559698581695557e-01
1.226156372070312500e+03	1.920859909057617188e+01	1.042167171835899353e-01
1.286127563476562500e+03	1.928339958190917969e+01	1.091442033648490906e-01
1.286131835937500000e+03	1.921839904785156250e+01	1.063720807433128357e-01
1.286136230468750000e+03	1.921769905090332031e+01	1.066969111561775208e-01
1.286140502929687500e+03	1.932060050964355469e+01	1.114483252167701721e-01
1.529222045898437500e+03	1.939599990844726562e+01	1.118159815669059753e-01
1.529230346679687500e+03	1.936940002441406250e+01	1.106725037097930908e-01
1.529238525390625000e+03	1.935740089416503906e+01	1.100383847951889038e-01
1.529246704101562500e+03	1.933839988708496094e+01	1.090408116579055786e-01
1.551221191406250000e+03	1.928389930725097656e+01	1.075595244765281677e-01
1.551226684570312500e+03	1.940740013122558594e+01	1.130699962377548218e-01
1.551232055664062500e+03	1.932290077209472656e+01	1.104028597474098206e-01
1.551237670898437500e+03	1.936590003967285156e+01	1.105710491538047791e-01
1.484406372070312500e+03	1.929170036315917969e+01	1.094150617718696594e-01
1.484414916992187500e+03	1.933989906311035156e+01	1.104851290583610535e-01
1.484423461914062500e+03	1.932189941406250000e+01	1.100185662508010864e-01
1.484432128906250000e+03	1.933259963989257812e+01	1.104952245950698853e-01
1.935166748046875000e+03	1.945079994201660156e+01	1.220716759562492371e-01
1.935173217773437500e+03	1.947380065917968750e+01	1.230840608477592468e-01
1.935179565429687500e+03	1.948800086975097656e+01	1.236584186553955078e-01
1.935186035156250000e+03	1.943339920043945312e+01	1.214410737156867981e-01
1.896335205078125000e+03	1.939109992980957031e+01	1.183900684118270874e-01
1.896341186523437500e+03	1.943370056152343750e+01	1.213010698556900024e-01
1.896347167968750000e+03	1.939889907836914062e+01	1.187763512134552002e-01
1.896353271484375000e+03	1.942250061035156250e+01	1.194779947400093079e-01
1.909198852539062500e+03	1.938719940185546875e+01	1.178247034549713135e-01
1.909204223632812500e+03	1.940550041198730469e+01	1.190660521388053894e-01
1.909209716796875000e+03	1.941959953308105469e+01	1.191632673144340515e-01
1.909215209960937500e+03	1.931929969787597656e+01	1.144610196352005005e-01
1.847356201171875000e+03	1.924309921264648438e+01	1.139950081706047058e-01
1.847367309570312500e+03	1.949340057373046875e+01	1.243924945592880249e-01
1.847378662109375000e+03	1.938879966735839844e+01	1.189185380935668945e-01
1.847389648437500000e+03	1.932850074768066406e+01	1.162187755107879639e-01
2.290076171875000000e+03	1.934370040893554688e+01	1.260076761245727539e-01
2.290082519531250000e+03	1.929949951171875000e+01	1.148476749658584595e-01
2.290089111328125000e+03	1.906399917602539062e+01	1.032473146915435791e-01
2.290095458984375000e+03	1.924720001220703125e+01	1.082089990377426147e-01
1.993134521484375000e+03	1.943300056457519531e+01	1.249694749712944031e-01
1.993139892578125000e+03	1.955879974365234375e+01	1.313201934099197388e-01
1.993145263671875000e+03	1.944179916381835938e+01	1.258105784654617310e-01
1.993150756835937500e+03	1.939660072326660156e+01	1.229994893074035645e-01
1.961182617187500000e+03	1.929870033264160156e+01	1.174619793891906738e-01
1.961194824218750000e+03	1.939430046081542969e+01	1.202403232455253601e-01
1.961206909179687500e+03	1.935750007629394531e+01	1.189576461911201477e-01
1.961219238281250000e+03	1.936459922790527344e+01	1.189162358641624451e-01
2.253372314453125000e+03	1.918810081481933594e+01	1.051402166485786438e-01
2.253379150390625000e+03	1.929859924316406250e+01	1.087991371750831604e-01
2.253385986328125000e+03	1.924239921569824219e+01	1.070671826601028442e-01
2.253393066406250000e+03	1.936750030517578125e+01	1.126038432121276855e-01
2.261313964843750000e+03	1.929829978942871094e+01	1.089853197336196899e-01
2.261319335937500000e+03	1.915649986267089844e+01	1.033791676163673401e-01
2.261324462890625000e+03	1.919720077514648438e+01	1.057992801070213318e-01
2.261329589843750000e+03	1.918750000000000000e+01	1.052849143743515015e-01
2.317135742187500000e+03	1.935810089111328125e+01	1.120616421103477478e-01
2.317141113281250000e+03	1.925769996643066406e+01	1.078359559178352356e-01
2.317146240234375000e+03	1.930260086059570312e+01	1.135275289416313171e-01
2.317151611328125000e+03	1.935300064086914062e+01	1.163003742694854736e-01
2.639307128906250000e+03	1.909690093994140625e+01	1.029896140098571777e-01
2.639312255859375000e+03	1.906710052490234375e+01	1.021312028169631958e-01
2.639317382812500000e+03	1.900550079345703125e+01	9.997219592332839966e-02
2.639322753906250000e+03	1.911770057678222656e+01	1.046705096960067749e-01
2.752109863281250000e+03	1.917989921569824219e+01	1.104246601462364197e-01
2.752115722656250000e+03	1.903630065917968750e+01	1.047777459025382996e-01
2.752121337890625000e+03	1.899480056762695312e+01	1.039797216653823853e-01
2.752127197265625000e+03	1.914380073547363281e+01	1.096156984567642212e-01
2.940433349609375000e+03	1.896330070495605469e+01	1.042555943131446838e-01
2.940440185546875000e+03	1.892189979553222656e+01	1.022434979677200317e-01
2.940447265625000000e+03	1.900830078125000000e+01	1.055633127689361572e-01
2.940454345703125000e+03	1.889990043640136719e+01	1.016208007931709290e-01
2.947403564453125000e+03	1.889399909973144531e+01	1.023682951927185059e-01
2.947408691406250000e+03	1.887709999084472656e+01	1.012848243117332458e-01
2.947416503906250000e+03	1.907060050964355469e+01	1.092960983514785767e-01
2.947429687500000000e+03	1.902140045166015625e+01	1.070832833647727966e-01
2.996291748046875000e+03	1.894960021972656250e+01	1.031532660126686096e-01
2.996298095703125000e+03	1.884160041809082031e+01	9.929266571998596191e-02
2.996304443359375000e+03	1.883869934082031250e+01	9.932673722505569458e-02
2.996310791015625000e+03	1.889049911499023438e+01	1.008593291044235229e-01
3.016090820312500000e+03	1.879240036010742188e+01	9.989664703607559204e-02
3.016097900390625000e+03	1.901379966735839844e+01	1.077274084091186523e-01
3.016104736328125000e+03	1.888669967651367188e+01	1.024973988533020020e-01
3.016111816406250000e+03	1.896980094909667969e+01	1.053079813718795776e-01
3.303404052734375000e+03	1.884490013122558594e+01	9.092628210783004761e-02
3.303414794921875000e+03	1.888069915771484375e+01	9.190235286951065063e-02
3.303425537109375000e+03	1.882379913330078125e+01	9.036167711019515991e-02
3.303436279296875000e+03	1.897550010681152344e+01	9.459917992353439331e-02
3.402238281250000000e+03	1.904400062561035156e+01	1.122447252273559570e-01
3.402246826171875000e+03	1.902739906311035156e+01	1.115761473774909973e-01
3.402255371093750000e+03	1.895660018920898438e+01	1.087897047400474548e-01
3.402263671875000000e+03	1.891379928588867188e+01	1.071639657020568848e-01
3.683447998046875000e+03	1.911809921264648438e+01	1.153308004140853882e-01
3.683453125000000000e+03	1.908740043640136719e+01	1.140354648232460022e-01
3.683458251953125000e+03	1.912700080871582031e+01	1.157137081027030945e-01
3.683463378906250000e+03	1.912779998779296875e+01	1.157465428113937378e-01
3.696419677734375000e+03	1.912980079650878906e+01	1.158349886536598206e-01
3.696426757812500000e+03	1.915990066528320312e+01	1.171383932232856750e-01
3.696433837890625000e+03	1.916629981994628906e+01	1.174205094575881958e-01
3.696440673828125000e+03	1.909420013427734375e+01	1.143203675746917725e-01
3.729339843750000000e+03	1.887509918212890625e+01	1.057369485497474670e-01
3.729345214843750000e+03	1.897220039367675781e+01	1.093908995389938354e-01
3.729350585937500000e+03	1.895249938964843750e+01	1.086330860853195190e-01
3.729355957031250000e+03	1.891749954223632812e+01	1.073054373264312744e-01
3.753151611328125000e+03	1.903669929504394531e+01	1.119509860873222351e-01
3.753156738281250000e+03	1.902930068969726562e+01	1.116517335176467896e-01
3.753161865234375000e+03	1.899360084533691406e+01	1.102274507284164429e-01
3.753166992187500000e+03	1.899469947814941406e+01	1.102724373340606689e-01
4.084291259765625000e+03	1.905529975891113281e+01	9.506838023662567139e-02
4.084297363281250000e+03	1.897260093688964844e+01	9.555120766162872314e-02
4.084303466796875000e+03	1.907620048522949219e+01	9.542424976825714111e-02
4.084309814453125000e+03	1.902700042724609375e+01	9.426080435514450073e-02
4.091239013671875000e+03	1.892359924316406250e+01	9.515777230262756348e-02
4.091243652343750000e+03	1.909790039062500000e+01	9.628038108348846436e-02
4.091248046875000000e+03	1.902470016479492188e+01	9.477806836366653442e-02
4.091252685546875000e+03	1.893880081176757812e+01	9.532853215932846069e-02
4.123169921875000000e+03	1.897520065307617188e+01	9.582586586475372314e-02
4.123175292968750000e+03	1.894930076599121094e+01	9.619887173175811768e-02
4.123180664062500000e+03	1.898629951477050781e+01	9.596861898899078369e-02
4.123186523437500000e+03	1.905220031738281250e+01	9.512848407030105591e-02
4.559500000000000000e+03	1.870689964294433594e+01	1.111997738480567932e-01
4.864500000000000000e+03	1.860960006713867188e+01	1.087598726153373718e-01
4.796500000000000000e+03	1.938380050659179688e+01	1.517918109893798828e-01
4.771500000000000000e+03	1.905509948730468750e+01	1.289663910865783691e-01
4.793500000000000000e+03	1.903849983215332031e+01	1.297827064990997314e-01
4.790500000000000000e+03	1.892569923400878906e+01	1.246281266212463379e-01
4.881500000000000000e+03	1.894470024108886719e+01	1.264114975929260254e-01
4.892500000000000000e+03	1.859410095214843750e+01	1.095994561910629272e-01
4.796500000000000000e+03	1.912540054321289062e+01	1.361624449491500854e-01
4.765500000000000000e+03	1.866600036621093750e+01	1.116376519203186035e-01
4.801500000000000000e+03	1.924230003356933594e+01	1.395329087972640991e-01
4.801500000000000000e+03	1.919840049743652344e+01	1.358572095632553101e-01
4.807500000000000000e+03	1.905620002746582031e+01	1.315328925848007202e-01
4.790500000000000000e+03	1.909449958801269531e+01	1.337580233812332153e-01
4.765500000000000000e+03	1.831539916992187500e+01	9.877210110425949097e-02
4.793500000000000000e+03	1.889539909362792969e+01	1.229889392852783203e-01
4.823500000000000000e+03	1.872520065307617188e+01	1.136412546038627625e-01
4.905500000000000000e+03	1.869029998779296875e+01	1.149911135435104370e-01
4.804500000000000000e+03	1.878440093994140625e+01	1.192166432738304138e-01
4.831500000000000000e+03	1.878420066833496094e+01	1.165339201688766479e-01
4.905500000000000000e+03	1.884900093078613281e+01	1.223054826259613037e-01
4.778500000000000000e+03	1.892250061035156250e+01	1.225671246647834778e-01
4.801500000000000000e+03	1.906349945068359375e+01	1.295288801193237305e-01
4.881500000000000000e+03	1.872979927062988281e+01	1.166992187500000000e-01
4.775500000000000000e+03	1.883519935607910156e+01	1.201850324869155884e-01
4.807500000000000000e+03	1.874090003967285156e+01	1.168227717280387878e-01
4.887500000000000000e+03	1.877829933166503906e+01	1.254571378231048584e-01
4.775500000000000000e+03	1.879540061950683594e+01	1.169340163469314575e-01
4.796500000000000000e+03	1.883460044860839844e+01	1.209785789251327515e-01
4.801500000000000000e+03	1.905220031738281250e+01	1.285043656826019287e-01
4.831500000000000000e+03	1.926519966125488281e+01	1.413746923208236694e-01
4.804500000000000000e+03	1.886409950256347656e+01	1.227733716368675232e-01
4.778500000000000000e+03	1.899259948730468750e+01	1.268354356288909912e-01
4.778500000000000000e+03	1.870569992065429688e+01	1.132303550839424133e-01
4.790500000000000000e+03	1.889640045166015625e+01	1.229046285152435303e-01
4.887500000000000000e+03	1.903590011596679688e+01	1.284133642911911011e-01
4.831500000000000000e+03	1.956800079345703125e+01	1.579053550958633423e-01
4.559500000000000000e+03	1.883040046691894531e+01	1.162166893482208252e-01
4.790500000000000000e+03	1.911310005187988281e+01	1.345527023077011108e-01
4.887500000000000000e+03	1.886389923095703125e+01	1.245031580328941345e-01
4.765500000000000000e+03	1.828800010681152344e+01	9.887698292732238770e-02
4.536500000000000000e+03	1.921599960327148438e+01	1.389980316162109375e-01
4.823500000000000000e+03	1.887949943542480469e+01	1.216649487614631653e-01
4.852500000000000000e+03	1.880260086059570312e+01	1.189093440771102905e-01
4.536500000000000000e+03	1.899309921264648438e+01	1.271744519472122192e-01
4.775500000000000000e+03	1.914749908447265625e+01	1.357871294021606445e-01
4.765500000000000000e+03	1.838669967651367188e+01	1.006271615624427795e-01
4.926500000000000000e+03	1.882690048217773438e+01	1.217104271054267883e-01
4.771500000000000000e+03	1.949939918518066406e+01	1.554161012172698975e-01
4.926500000000000000e+03	2.072330093383789062e+01	3.012438118457794189e-01
4.807500000000000000e+03	1.906360054016113281e+01	1.328950077295303345e-01
4.926500000000000000e+03	1.895249938964843750e+01	1.276637315750122070e-01
4.771500000000000000e+03	1.919529914855957031e+01	1.365099549293518066e-01
4.807500000000000000e+03	1.902630043029785156e+01	1.307168602943420410e-01
4.864500000000000000e+03	1.912820053100585938e+01	1.324962377548217773e-01
4.536500000000000000e+03	1.910440063476562500e+01	1.337800621986389160e-01
4.559500000000000000e+03	1.920229911804199219e+01	1.348885595798492432e-01
4.852500000000000000e+03	1.909049987792968750e+01	1.330385655164718628e-01
4.846500000000000000e+03	1.918980026245117188e+01	1.376589834690093994e-01
4.835500000000000000e+03	1.897990036010742188e+01	1.224813908338546753e-01
4.536500000000000000e+03	1.915940093994140625e+01	1.363990157842636108e-01
4.852500000000000000e+03	1.888979911804199219e+01	1.226087808609008789e-01
4.852500000000000000e+03	1.906170082092285156e+01	1.319309771060943604e-01
