5.648500000000000000e+03	1.843670082092285156e+01	9.931847453117370605e-02
5.528500000000000000e+03	1.888800048828125000e+01	1.186553612351417542e-01
5.512500000000000000e+03	1.866110038757324219e+01	1.103944703936576843e-01
4.993500000000000000e+03	1.885370063781738281e+01	1.215063035488128662e-01
5.310500000000000000e+03	1.854540061950683594e+01	1.015897244215011597e-01
5.324500000000000000e+03	1.878400039672851562e+01	1.098966896533966064e-01
5.368500000000000000e+03	1.901199913024902344e+01	1.201058849692344666e-01
4.768500000000000000e+03	1.956299972534179688e+01	1.494850367307662964e-01
5.715500000000000000e+03	1.857760047912597656e+01	1.050433516502380371e-01
5.258500000000000000e+03	1.985820007324218750e+01	1.709081083536148071e-01
5.509500000000000000e+03	1.870759963989257812e+01	1.116728708148002625e-01
5.767500000000000000e+03	1.898390007019042969e+01	1.248067244887351990e-01
4.957500000000000000e+03	1.882209968566894531e+01	1.176570504903793335e-01
5.121500000000000000e+03	1.974090003967285156e+01	1.649072170257568359e-01
5.043500000000000000e+03	1.939130020141601562e+01	1.519918590784072876e-01
5.532500000000000000e+03	1.918140029907226562e+01	1.325245648622512817e-01
5.528500000000000000e+03	1.917950057983398438e+01	1.326736956834793091e-01
5.810500000000000000e+03	1.878969955444335938e+01	1.176548525691032410e-01
5.726500000000000000e+03	1.911420059204101562e+01	1.284384429454803467e-01
4.993500000000000000e+03	1.892000007629394531e+01	1.250145137310028076e-01
5.349500000000000000e+03	1.887330055236816406e+01	1.148437038064002991e-01
5.385500000000000000e+03	1.950989913940429688e+01	1.441865414381027222e-01
5.140500000000000000e+03	1.839500045776367188e+01	9.792200475931167603e-02
4.624500000000000000e+03	1.931310081481933594e+01	1.362765878438949585e-01
4.999500000000000000e+03	1.907060050964355469e+01	1.320670545101165771e-01
5.044500000000000000e+03	1.972680091857910156e+01	1.853288710117340088e-01
5.694500000000000000e+03	1.877459907531738281e+01	1.139661520719528198e-01
5.348500000000000000e+03	1.960790061950683594e+01	1.520036458969116211e-01
5.496500000000000000e+03	1.903919982910156250e+01	1.349568814039230347e-01
5.706500000000000000e+03	1.865570068359375000e+01	1.074775084853172302e-01
5.860500000000000000e+03	1.848999977111816406e+01	1.177959591150283813e-01
5.648500000000000000e+03	1.853070068359375000e+01	1.025634407997131348e-01
5.532500000000000000e+03	1.943519973754882812e+01	1.500104814767837524e-01
5.704500000000000000e+03	1.831369972229003906e+01	9.670580923557281494e-02
5.704500000000000000e+03	1.886829948425292969e+01	1.161937192082405090e-01
5.389500000000000000e+03	1.926289939880371094e+01	1.302134096622467041e-01
5.709500000000000000e+03	1.879520034790039062e+01	1.140759736299514771e-01
5.515500000000000000e+03	1.930480003356933594e+01	1.452475488185882568e-01
5.468500000000000000e+03	1.922229957580566406e+01	1.449237465858459473e-01
5.683500000000000000e+03	1.841119956970214844e+01	9.854502230882644653e-02
4.793500000000000000e+03	1.809079933166503906e+01	9.592323750257492065e-02
5.675500000000000000e+03	1.831830024719238281e+01	9.641311317682266235e-02
5.535500000000000000e+03	1.852709960937500000e+01	1.053351536393165588e-01
5.719500000000000000e+03	1.906710052490234375e+01	1.268862038850784302e-01
4.950500000000000000e+03	1.748369979858398438e+01	1.221229061484336853e-01
5.332500000000000000e+03	1.880839920043945312e+01	1.110910326242446899e-01
5.733500000000000000e+03	1.895899963378906250e+01	1.219337880611419678e-01
5.694500000000000000e+03	1.853319931030273438e+01	1.048069596290588379e-01
5.393500000000000000e+03	1.882679939270019531e+01	1.128810644149780273e-01
5.675500000000000000e+03	1.833889961242675781e+01	9.756253659725189209e-02
5.748500000000000000e+03	1.887980079650878906e+01	1.176460534334182739e-01
4.982500000000000000e+03	1.823100090026855469e+01	9.913234412670135498e-02
4.923500000000000000e+03	1.888249969482421875e+01	1.218599975109100342e-01
5.907500000000000000e+03	1.991390037536621094e+01	1.871065050363540649e-01
5.400500000000000000e+03	1.861840057373046875e+01	1.043348535895347595e-01
5.476500000000000000e+03	1.874900054931640625e+01	1.167865023016929626e-01
5.142500000000000000e+03	1.922620010375976562e+01	1.410591602325439453e-01
4.999500000000000000e+03	1.937380027770996094e+01	1.495962738990783691e-01
4.944500000000000000e+03	1.807189941406250000e+01	1.254685670137405396e-01
5.648500000000000000e+03	1.873340034484863281e+01	1.099328622221946716e-01
5.535500000000000000e+03	1.886639976501464844e+01	1.202692091464996338e-01
5.683500000000000000e+03	1.848600006103515625e+01	1.009439751505851746e-01
4.590500000000000000e+03	1.949570083618164062e+01	1.458828449249267578e-01
4.765500000000000000e+03	1.911750030517578125e+01	1.235185116529464722e-01
5.328500000000000000e+03	1.883790016174316406e+01	1.201226562261581421e-01
4.982500000000000000e+03	1.833499908447265625e+01	1.022612825036048889e-01
4.616500000000000000e+03	1.900589942932128906e+01	1.213160380721092224e-01
4.996500000000000000e+03	1.825880050659179688e+01	1.379055827856063843e-01
4.556500000000000000e+03	1.937579917907714844e+01	1.370940208435058594e-01
5.880500000000000000e+03	1.897439956665039062e+01	1.275994777679443359e-01
5.147500000000000000e+03	1.932810020446777344e+01	1.353234797716140747e-01
4.686500000000000000e+03	2.019210052490234375e+01	6.128078103065490723e-01
5.381500000000000000e+03	1.893560028076171875e+01	1.148000285029411316e-01
5.008500000000000000e+03	1.895240020751953125e+01	1.269161105155944824e-01
5.901500000000000000e+03	1.942519950866699219e+01	1.524424552917480469e-01
5.389500000000000000e+03	1.875559997558593750e+01	1.076103672385215759e-01
4.905500000000000000e+03	1.812129974365234375e+01	9.389165043830871582e-02
5.628500000000000000e+03	1.895700073242187500e+01	1.210526898503303528e-01
5.293500000000000000e+03	1.962350082397460938e+01	1.518035531044006348e-01
5.124500000000000000e+03	1.915430068969726562e+01	1.347070187330245972e-01
5.532500000000000000e+03	1.854129981994628906e+01	1.048242375254631042e-01
5.161500000000000000e+03	1.934329986572265625e+01	1.432484984397888184e-01
5.052500000000000000e+03	1.999690055847167969e+01	2.100421637296676636e-01
5.407500000000000000e+03	1.895549964904785156e+01	1.188588216900825500e-01
5.381500000000000000e+03	1.914660072326660156e+01	1.243621334433555603e-01
4.787500000000000000e+03	1.912360000610351562e+01	1.400187760591506958e-01
4.616500000000000000e+03	1.910700035095214844e+01	1.262382268905639648e-01
5.023500000000000000e+03	1.920050048828125000e+01	1.407417953014373779e-01
4.969500000000000000e+03	1.830100059509277344e+01	1.017559692263603210e-01
5.008500000000000000e+03	1.929859924316406250e+01	1.464252620935440063e-01
5.907500000000000000e+03	2.014410018920898438e+01	2.092941403388977051e-01
4.957500000000000000e+03	1.858209991455078125e+01	1.095103248953819275e-01
5.385500000000000000e+03	1.941839981079101562e+01	1.387524455785751343e-01
4.972500000000000000e+03	1.845199966430664062e+01	1.072567105293273926e-01
5.127500000000000000e+03	1.977309989929199219e+01	1.686917245388031006e-01
5.645500000000000000e+03	1.872620010375976562e+01	1.125655174255371094e-01
4.628500000000000000e+03	1.914739990234375000e+01	1.293027251958847046e-01
4.996500000000000000e+03	1.879929924011230469e+01	1.733294874429702759e-01
5.736500000000000000e+03	1.856920051574707031e+01	1.047618240118026733e-01
5.878500000000000000e+03	1.905419921875000000e+01	1.342386156320571899e-01
4.999500000000000000e+03	1.902529907226562500e+01	1.296392828226089478e-01
5.161500000000000000e+03	1.962509918212890625e+01	1.611030548810958862e-01
5.810500000000000000e+03	1.888269996643066406e+01	1.222076267004013062e-01
5.397500000000000000e+03	1.850289916992187500e+01	1.035005077719688416e-01
4.985500000000000000e+03	1.852079963684082031e+01	1.445043087005615234e-01
5.352500000000000000e+03	1.911199951171875000e+01	1.460101008415222168e-01
5.348500000000000000e+03	1.903129959106445312e+01	1.203125938773155212e-01
5.246500000000000000e+03	1.933880043029785156e+01	1.368048191070556641e-01
5.724500000000000000e+03	1.879899978637695312e+01	1.133446916937828064e-01
5.528500000000000000e+03	1.890480041503906250e+01	1.193260326981544495e-01
4.993500000000000000e+03	1.873229980468750000e+01	1.162501275539398193e-01
5.499500000000000000e+03	1.878669929504394531e+01	1.164938062429428101e-01
5.040500000000000000e+03	1.906480026245117188e+01	1.322141885757446289e-01
5.357500000000000000e+03	1.945439910888671875e+01	1.428277939558029175e-01
4.771500000000000000e+03	1.940589904785156250e+01	1.390362828969955444e-01
5.715500000000000000e+03	1.864679908752441406e+01	1.076478213071823120e-01
5.748500000000000000e+03	1.844549942016601562e+01	1.008626595139503479e-01
4.972500000000000000e+03	1.882349967956542969e+01	1.238342002034187317e-01
4.944500000000000000e+03	1.838920021057128906e+01	1.384540349245071411e-01
5.012500000000000000e+03	1.884790039062500000e+01	1.214586198329925537e-01
4.972500000000000000e+03	1.847069931030273438e+01	1.082950755953788757e-01
4.556500000000000000e+03	1.945499992370605469e+01	1.418162882328033447e-01
4.923500000000000000e+03	1.824780082702636719e+01	9.722153097391128540e-02
5.496500000000000000e+03	1.871129989624023438e+01	1.153571009635925293e-01
5.810500000000000000e+03	1.991069984436035156e+01	1.907344907522201538e-01
5.348500000000000000e+03	1.923950004577636719e+01	1.303427219390869141e-01
5.258500000000000000e+03	1.862260055541992188e+01	1.039630696177482605e-01
5.253500000000000000e+03	1.937120056152343750e+01	1.361506581306457520e-01
5.332500000000000000e+03	1.863520050048828125e+01	1.042167171835899353e-01
4.771500000000000000e+03	2.004500007629394531e+01	1.857034265995025635e-01
4.686500000000000000e+03	1.991099929809570312e+01	5.196785926818847656e-01
5.258500000000000000e+03	2.068829917907714844e+01	2.550376951694488525e-01
4.905500000000000000e+03	1.875180053710937500e+01	1.159692257642745972e-01
4.972500000000000000e+03	1.835339927673339844e+01	1.033119037747383118e-01
5.033500000000000000e+03	1.888360023498535156e+01	1.327734738588333130e-01
5.363500000000000000e+03	1.914699935913085938e+01	1.271292418241500854e-01
5.719500000000000000e+03	1.847340011596679688e+01	1.019960269331932068e-01
5.907500000000000000e+03	2.130380058288574219e+01	3.836472034454345703e-01
5.052500000000000000e+03	1.820820045471191406e+01	1.000929921865463257e-01
4.957500000000000000e+03	1.849959945678710938e+01	1.061078086495399475e-01
4.763500000000000000e+03	1.919910049438476562e+01	1.337359994649887085e-01
4.590500000000000000e+03	1.997599983215332031e+01	1.804842054843902588e-01
5.498500000000000000e+03	1.924749946594238281e+01	1.415652632713317871e-01
5.416500000000000000e+03	1.919440078735351562e+01	1.354272812604904175e-01
4.628500000000000000e+03	1.901639938354492188e+01	1.226713806390762329e-01
5.547500000000000000e+03	1.901090049743652344e+01	1.268772482872009277e-01
5.389500000000000000e+03	1.905879974365234375e+01	1.202282905578613281e-01
5.748500000000000000e+03	1.874629974365234375e+01	1.120026856660842896e-01
5.400500000000000000e+03	1.941449928283691406e+01	1.411580443382263184e-01
5.134500000000000000e+03	1.892919921875000000e+01	1.171470358967781067e-01
5.547500000000000000e+03	1.852379989624023438e+01	1.048921495676040649e-01
5.723500000000000000e+03	1.871069908142089844e+01	1.108595579862594604e-01
5.882500000000000000e+03	2.014970016479492188e+01	2.085545063018798828e-01
5.293500000000000000e+03	1.953219985961914062e+01	1.459999084472656250e-01
5.349500000000000000e+03	1.865200042724609375e+01	1.059942543506622314e-01
5.907500000000000000e+03	2.005349922180175781e+01	1.996104866266250610e-01
4.956500000000000000e+03	1.912549972534179688e+01	1.369491368532180786e-01
5.310500000000000000e+03	1.950169944763183594e+01	1.462402194738388062e-01
5.385500000000000000e+03	1.905130004882812500e+01	1.198839843273162842e-01
5.706500000000000000e+03	1.881509971618652344e+01	1.136393547058105469e-01
5.744500000000000000e+03	1.840760040283203125e+01	1.011954322457313538e-01
5.277500000000000000e+03	1.927269935607910156e+01	1.310205608606338501e-01
5.709500000000000000e+03	1.911079978942871094e+01	1.289377212524414062e-01
5.012500000000000000e+03	1.920590019226074219e+01	1.401456147432327271e-01
5.849500000000000000e+03	1.906360054016113281e+01	1.313167661428451538e-01
5.726500000000000000e+03	1.860239982604980469e+01	1.061035916209220886e-01
5.357500000000000000e+03	1.905590057373046875e+01	1.257672607898712158e-01
5.246500000000000000e+03	1.905080032348632812e+01	1.256089359521865845e-01
5.499500000000000000e+03	1.873719978332519531e+01	1.146872118115425110e-01
5.628500000000000000e+03	1.857999992370605469e+01	1.053732559084892273e-01
5.744500000000000000e+03	1.834810066223144531e+01	9.870782494544982910e-02
5.328500000000000000e+03	1.927680015563964844e+01	1.384875327348709106e-01
5.134500000000000000e+03	1.927210044860839844e+01	1.344214826822280884e-01
5.848500000000000000e+03	2.007559967041015625e+01	2.095714807510375977e-01
5.127500000000000000e+03	1.940410041809082031e+01	1.583943963050842285e-01
5.147500000000000000e+03	1.911949920654296875e+01	1.244450137019157410e-01
5.645500000000000000e+03	1.847820091247558594e+01	1.034403815865516663e-01
5.008500000000000000e+03	1.916200065612792969e+01	1.387187093496322632e-01
5.468500000000000000e+03	1.897310066223144531e+01	1.316915750503540039e-01
5.337500000000000000e+03	1.853849983215332031e+01	1.018186435103416443e-01
5.012500000000000000e+03	1.913719940185546875e+01	1.363199800252914429e-01
4.765500000000000000e+03	1.895569992065429688e+01	1.163486018776893616e-01
4.778500000000000000e+03	1.944449996948242188e+01	1.411040723323822021e-01
4.801500000000000000e+03	1.804430007934570312e+01	9.299807995557785034e-02
4.956500000000000000e+03	1.900620079040527344e+01	1.307101398706436157e-01
5.496500000000000000e+03	1.867090034484863281e+01	1.153267472982406616e-01
5.332500000000000000e+03	1.938299942016601562e+01	1.420045047998428345e-01
5.023500000000000000e+03	1.821400070190429688e+01	9.760616719722747803e-02
4.787500000000000000e+03	1.866110038757324219e+01	1.146378740668296814e-01
4.996500000000000000e+03	1.823460006713867188e+01	1.031396761536598206e-01
5.134500000000000000e+03	2.009989929199218750e+01	1.943574398756027222e-01
5.880500000000000000e+03	2.060239982604980469e+01	2.688226997852325439e-01
4.985500000000000000e+03	1.902829933166503906e+01	1.349948942661285400e-01
5.468500000000000000e+03	1.880909919738769531e+01	1.228888481855392456e-01
5.253500000000000000e+03	1.895439910888671875e+01	1.155562251806259155e-01
4.793500000000000000e+03	1.907620048522949219e+01	1.386050432920455933e-01
5.352500000000000000e+03	1.976639938354492188e+01	1.890162527561187744e-01
5.023500000000000000e+03	1.890920066833496094e+01	1.245558634400367737e-01
5.528500000000000000e+03	1.850670051574707031e+01	1.039221361279487610e-01
5.515500000000000000e+03	1.944389915466308594e+01	1.713544875383377075e-01
5.423500000000000000e+03	1.839329910278320312e+01	9.675759822130203247e-02
5.357500000000000000e+03	1.922039985656738281e+01	1.298710107803344727e-01
5.258500000000000000e+03	1.945739936828613281e+01	1.422677040100097656e-01
5.538500000000000000e+03	1.892959976196289062e+01	1.205913051962852478e-01
5.880500000000000000e+03	2.124390029907226562e+01	3.842706084251403809e-01
4.775500000000000000e+03	1.909830093383789062e+01	1.418988108634948730e-01
5.724500000000000000e+03	1.884760093688964844e+01	1.151895821094512939e-01
5.882500000000000000e+03	1.901210021972656250e+01	1.263850033283233643e-01
5.713500000000000000e+03	1.852160072326660156e+01	1.038252115249633789e-01
5.694500000000000000e+03	1.844939994812011719e+01	1.017559692263603210e-01
5.706500000000000000e+03	1.877160072326660156e+01	1.121279001235961914e-01
4.944500000000000000e+03	1.851160049438476562e+01	1.435970216989517212e-01
5.848500000000000000e+03	2.045549964904785156e+01	2.548467516899108887e-01
4.969500000000000000e+03	1.813909912109375000e+01	9.942514449357986450e-02
5.733500000000000000e+03	1.870989990234375000e+01	1.107182875275611877e-01
5.140500000000000000e+03	1.973959922790527344e+01	1.650647073984146118e-01
4.763500000000000000e+03	1.946629905700683594e+01	1.444405466318130493e-01
5.253500000000000000e+03	1.937450027465820312e+01	1.363832056522369385e-01
5.029500000000000000e+03	1.904249954223632812e+01	1.497804820537567139e-01
5.052500000000000000e+03	1.923859977722167969e+01	1.476864665746688843e-01
4.771500000000000000e+03	1.925399971008300781e+01	1.304792016744613647e-01
5.733500000000000000e+03	1.890270042419433594e+01	1.186530813574790955e-01
5.767500000000000000e+03	1.884830093383789062e+01	1.187237799167633057e-01
4.624500000000000000e+03	1.911860084533691406e+01	1.260105818510055542e-01
5.352500000000000000e+03	1.939920043945312500e+01	1.590895056724548340e-01
5.736500000000000000e+03	1.862220001220703125e+01	1.067416146397590637e-01
4.887500000000000000e+03	1.846870040893554688e+01	1.051509976387023926e-01
5.547500000000000000e+03	2.028470039367675781e+01	2.223419100046157837e-01
5.043500000000000000e+03	1.924930000305175781e+01	1.420874297618865967e-01
4.624500000000000000e+03	1.923730087280273438e+01	1.320985257625579834e-01
5.124500000000000000e+03	1.897470092773437500e+01	1.250850260257720947e-01
5.723500000000000000e+03	1.876289939880371094e+01	1.129290908575057983e-01
4.616500000000000000e+03	1.920590019226074219e+01	1.312484443187713623e-01
5.328500000000000000e+03	1.901259994506835938e+01	1.295126676559448242e-01
5.407500000000000000e+03	1.914369964599609375e+01	1.276208907365798950e-01
5.029500000000000000e+03	1.898060035705566406e+01	1.461224406957626343e-01
5.498500000000000000e+03	1.907939910888671875e+01	1.332116127014160156e-01
5.512500000000000000e+03	1.896249961853027344e+01	1.233231797814369202e-01
5.499500000000000000e+03	1.895269966125488281e+01	1.246866136789321899e-01
5.310500000000000000e+03	1.879710006713867188e+01	1.106860563158988953e-01
4.793500000000000000e+03	1.896439933776855469e+01	1.331863254308700562e-01
5.509500000000000000e+03	1.908090019226074219e+01	1.291966438293457031e-01
5.648500000000000000e+03	1.859269905090332031e+01	1.046177372336387634e-01
5.538500000000000000e+03	1.899329948425292969e+01	1.241203024983406067e-01
5.848500000000000000e+03	2.005179977416992188e+01	2.085545063018798828e-01
5.012500000000000000e+03	1.919029998779296875e+01	1.394425034523010254e-01
4.982500000000000000e+03	1.844969940185546875e+01	1.068573743104934692e-01
5.324500000000000000e+03	1.853470039367675781e+01	1.008016020059585571e-01
1.718430175781250000e+03	2.031590080261230469e+01	3.328745961189270020e-01
2.214216766357421875e+02	1.894120025634765625e+01	2.323072552680969238e-01
2.214434356689453125e+02	1.976729965209960938e+01	3.607336282730102539e-01
3.082786560058593750e+02	2.032029914855957031e+01	3.444707393646240234e-01
3.082851867675781250e+02	2.029190063476562500e+01	3.384950757026672363e-01
3.082916870117187500e+02	1.973859977722167969e+01	2.517266869544982910e-01
3.132507934570312500e+02	2.005279922485351562e+01	2.947313785552978516e-01
3.132579040527343750e+02	1.966300010681152344e+01	2.409793138504028320e-01
3.132649536132812500e+02	1.952300071716308594e+01	2.242289036512374878e-01
3.132720031738281250e+02	2.002619934082031250e+01	2.911288738250732422e-01
3.002840270996093750e+02	1.953669929504394531e+01	2.360667288303375244e-01
3.002905883789062500e+02	1.999169921875000000e+01	2.989757061004638672e-01
3.002971191406250000e+02	1.926880073547363281e+01	2.056770175695419312e-01
3.003036499023437500e+02	1.923850059509277344e+01	2.030166685581207275e-01
2.483999786376953125e+02	2.015600013732910156e+01	3.489949703216552734e-01
2.484209747314453125e+02	1.954059982299804688e+01	2.862503230571746826e-01
2.573902587890625000e+02	1.964870071411132812e+01	2.597868144512176514e-01
2.573970031738281250e+02	1.932859992980957031e+01	2.211796641349792480e-01
3.951137084960937500e+02	1.885610008239746094e+01	1.717415601015090942e-01
3.951185913085937500e+02	2.027459907531738281e+01	3.557716906070709229e-01
3.951283874511718750e+02	1.894799995422363281e+01	1.798153519630432129e-01
4.240724182128906250e+02	1.964179992675781250e+01	2.469372302293777466e-01
6.024083251953125000e+02	2.109189987182617188e+01	5.474550127983093262e-01
5.685091552734375000e+02	1.965239906311035156e+01	3.581429421901702881e-01
6.104602661132812500e+02	1.972349929809570312e+01	3.269830644130706787e-01
6.304066162109375000e+02	1.989010047912597656e+01	2.778289616107940674e-01
6.304161376953125000e+02	1.962569999694824219e+01	2.424960136413574219e-01
6.304255981445312500e+02	1.987249946594238281e+01	2.748344540596008301e-01
6.304350585937500000e+02	1.930229949951171875e+01	2.065169960260391235e-01
6.373657226562500000e+02	2.015509986877441406e+01	3.256051242351531982e-01
6.373748779296875000e+02	1.993239974975585938e+01	2.889820337295532227e-01
6.373840332031250000e+02	2.074580001831054688e+01	4.543409943580627441e-01
6.373931274414062500e+02	1.955310058593750000e+01	2.370553314685821533e-01
7.790875244140625000e+02	1.946209907531738281e+01	2.284982949495315552e-01
7.860916137695312500e+02	1.926160049438476562e+01	1.911462843418121338e-01
7.461567993164062500e+02	1.992679977416992188e+01	2.599553465843200684e-01
7.461663818359375000e+02	1.968499946594238281e+01	2.296461164951324463e-01
7.461759643554687500e+02	1.990369987487792969e+01	2.585165798664093018e-01
7.591194458007812500e+02	2.021139907836914062e+01	3.904460966587066650e-01
7.591339111328125000e+02	1.832229995727539062e+01	1.507482826709747314e-01
1.045263183593750000e+03	1.949810028076171875e+01	2.341515123844146729e-01
1.009417968750000000e+03	1.961840057373046875e+01	2.318769842386245728e-01
1.009424011230468750e+03	2.011969947814941406e+01	3.025549948215484619e-01
1.009429992675781250e+03	1.943790054321289062e+01	2.130664288997650146e-01
1.009436035156250000e+03	1.967340087890625000e+01	2.401520758867263794e-01
1.020354614257812500e+03	1.969309997558593750e+01	2.435142248868942261e-01
9.274554443359375000e+02	1.907659912109375000e+01	1.750839799642562866e-01
9.274641723632812500e+02	1.915089988708496094e+01	1.806768476963043213e-01
9.274727783203125000e+02	1.905069923400878906e+01	1.726349890232086182e-01
9.274814453125000000e+02	1.867149925231933594e+01	1.458726674318313599e-01
9.374796752929687500e+02	1.906949996948242188e+01	1.945896893739700317e-01
9.374835205078125000e+02	1.913509941101074219e+01	1.977942585945129395e-01
9.374874267578125000e+02	1.933149909973144531e+01	2.176469117403030396e-01
9.814015502929687500e+02	1.956159973144531250e+01	2.258584052324295044e-01
9.873571777343750000e+02	1.932500076293945312e+01	2.061038762331008911e-01
9.873646850585937500e+02	1.873430061340332031e+01	1.566925048828125000e-01
9.873723754882812500e+02	1.964590072631835938e+01	2.423048317432403564e-01
9.934128417968750000e+02	1.919079971313476562e+01	1.920310705900192261e-01
9.934208984375000000e+02	1.933909988403320312e+01	2.056933790445327759e-01
9.934290161132812500e+02	1.941189956665039062e+01	2.139879316091537476e-01
1.158072143554687500e+03	1.974160003662109375e+01	3.103865683078765869e-01
1.132104370117187500e+03	1.971400070190429688e+01	2.352649718523025513e-01
1.132112915039062500e+03	1.967889976501464844e+01	2.319485247135162354e-01
1.132117187500000000e+03	1.960309982299804688e+01	2.232685983180999756e-01
1.138081665039062500e+03	1.965019989013671875e+01	2.872431278228759766e-01
1.138086791992187500e+03	1.939800071716308594e+01	2.519413530826568604e-01
1.138091918945312500e+03	1.908729934692382812e+01	2.159456163644790649e-01
1.145098266601562500e+03	1.982579994201660156e+01	2.553249001502990723e-01
1.099209838867187500e+03	1.901020050048828125e+01	1.787394434213638306e-01
1.109159790039062500e+03	1.844820022583007812e+01	1.357832401990890503e-01
1.109164550781250000e+03	1.951110076904296875e+01	2.233746647834777832e-01
1.109174316406250000e+03	2.074880027770996094e+01	4.385951459407806396e-01
1.310407470703125000e+03	1.920089912414550781e+01	1.870824396610260010e-01
1.310412475585937500e+03	1.939229965209960938e+01	2.044613212347030640e-01
1.310417602539062500e+03	1.995439910888671875e+01	2.725141644477844238e-01
1.316338745117187500e+03	1.898609924316406250e+01	1.749779731035232544e-01
1.316345336914062500e+03	1.956459999084472656e+01	2.301102578639984131e-01
1.316351806640625000e+03	1.999530029296875000e+01	2.885673940181732178e-01
1.316358398437500000e+03	1.970669937133789062e+01	2.468217313289642334e-01
1.318485717773437500e+03	1.996850013732910156e+01	2.726307511329650879e-01
1.318490844726562500e+03	1.984410095214843750e+01	2.518492937088012695e-01
1.318495971679687500e+03	2.026090049743652344e+01	3.197588026523590088e-01
1.324411132812500000e+03	2.076370048522949219e+01	4.220827519893646240e-01
1.259506347656250000e+03	1.973950004577636719e+01	2.399929612874984741e-01
1.259518188476562500e+03	1.934490013122558594e+01	1.969628483057022095e-01
1.378311889648437500e+03	1.921380043029785156e+01	1.895665824413299561e-01
1.378320068359375000e+03	1.975320053100585938e+01	2.477795630693435669e-01
1.378336669921875000e+03	2.001899909973144531e+01	2.857129871845245361e-01
1.391424316406250000e+03	1.930649948120117188e+01	2.130481153726577759e-01
1.277495971679687500e+03	2.006100082397460938e+01	3.583140373229980469e-01
1.277499877929687500e+03	1.964489936828613281e+01	2.857129871845245361e-01
1.287515502929687500e+03	1.952179908752441406e+01	2.146779745817184448e-01
1.287520019531250000e+03	2.019619941711425781e+01	3.043113648891448975e-01
1.299485473632812500e+03	1.961700057983398438e+01	2.290699779987335205e-01
1.299492187500000000e+03	1.986779975891113281e+01	2.618310749530792236e-01
1.347311645507812500e+03	2.004969978332519531e+01	2.975077033042907715e-01
1.347319335937500000e+03	2.011319923400878906e+01	3.066449761390686035e-01
1.347327148437500000e+03	2.014469909667968750e+01	3.102729618549346924e-01
1.689459472656250000e+03	1.952249908447265625e+01	2.157739698886871338e-01
1.689464965820312500e+03	1.975359916687011719e+01	2.424413412809371948e-01
1.689470458984375000e+03	1.942679977416992188e+01	2.060380280017852783e-01
1.689475830078125000e+03	1.975559997558593750e+01	2.423321157693862915e-01
1.698453491210937500e+03	1.949589920043945312e+01	2.131396830081939697e-01
1.698458251953125000e+03	1.958869934082031250e+01	2.230146676301956177e-01
1.698463134765625000e+03	1.923920059204101562e+01	1.886440068483352661e-01
1.814186767578125000e+03	1.947839927673339844e+01	2.676371037960052490e-01
1.814197387695312500e+03	1.933110046386718750e+01	2.492525428533554077e-01
1.639497314453125000e+03	2.047710037231445312e+01	3.446239531040191650e-01
1.639505615234375000e+03	1.968610000610351562e+01	2.282254546880722046e-01
1.639513793945312500e+03	1.981539916992187500e+01	2.420597076416015625e-01
1.639522216796875000e+03	2.001499938964843750e+01	2.702889740467071533e-01
1.774355712890625000e+03	2.041780090332031250e+01	3.708924353122711182e-01
1.794247924804687500e+03	1.985230064392089844e+01	3.317683637142181396e-01
1.744358154296875000e+03	1.938990020751953125e+01	2.286579310894012451e-01
1.760294921875000000e+03	2.021039962768554688e+01	3.194496333599090576e-01
1.760299804687500000e+03	1.974010086059570312e+01	2.488966137170791626e-01
1.760304565429687500e+03	1.954649925231933594e+01	2.334911674261093140e-01
1.671414550781250000e+03	1.881480026245117188e+01	1.550536155700683594e-01
1.671422973632812500e+03	1.904739952087402344e+01	1.733201742172241211e-01
1.671431640625000000e+03	1.923690032958984375e+01	1.877725571393966675e-01
1.671440185546875000e+03	1.933909988403320312e+01	1.982287764549255371e-01
1.718416625976562500e+03	2.013920021057128906e+01	3.042577207088470459e-01
1.718423461914062500e+03	1.950819969177246094e+01	2.189708352088928223e-01
1.730385131835937500e+03	1.962890052795410156e+01	2.315202951431274414e-01
1.730390014648437500e+03	1.973390007019042969e+01	2.455051243305206299e-01
1.730399780273437500e+03	1.960670089721679688e+01	2.293459773063659668e-01
1.877084472656250000e+03	1.976980018615722656e+01	3.192645609378814697e-01
1.877106567382812500e+03	1.970059967041015625e+01	3.117592632770538330e-01
1.852112792968750000e+03	2.089590072631835938e+01	4.681079983711242676e-01
1.852125732421875000e+03	1.911709976196289062e+01	1.855509728193283081e-01
2.047400756835937500e+03	1.932929992675781250e+01	1.978664547204971313e-01
2.047406494140625000e+03	1.948010063171386719e+01	2.113495916128158569e-01
2.047418090820312500e+03	1.897909927368164062e+01	1.668893247842788696e-01
2.132242431640625000e+03	1.922570037841796875e+01	1.916781514883041382e-01
2.132250488281250000e+03	1.924349975585937500e+01	1.928628683090209961e-01
2.132258544921875000e+03	1.931220054626464844e+01	2.002680152654647827e-01
2.132266357421875000e+03	1.920240020751953125e+01	1.899448484182357788e-01
2.100408447265625000e+03	1.918700027465820312e+01	1.879800111055374146e-01
2.100414794921875000e+03	1.874530029296875000e+01	1.530427187681198120e-01
2.100427490234375000e+03	1.886440086364746094e+01	1.616278886795043945e-01
2.107342285156250000e+03	1.911669921875000000e+01	1.784815490245819092e-01
2.107349853515625000e+03	1.930019950866699219e+01	1.948365867137908936e-01
2.107357177734375000e+03	1.926339912414550781e+01	1.908628642559051514e-01
2.107364746093750000e+03	1.862520027160644531e+01	1.443426609039306641e-01
2.114338623046875000e+03	1.935600090026855469e+01	2.032053023576736450e-01
2.114343750000000000e+03	1.954879951477050781e+01	2.227405905723571777e-01
2.114349121093750000e+03	1.928960037231445312e+01	1.961005330085754395e-01
2.114354248046875000e+03	1.904870033264160156e+01	1.754907369613647461e-01
2.031468139648437500e+03	1.958349990844726562e+01	2.255514264106750488e-01
2.031475097656250000e+03	1.934860038757324219e+01	2.007506191730499268e-01
2.031488891601562500e+03	1.896249961853027344e+01	1.665627509355545044e-01
2.073454589843750000e+03	1.936350059509277344e+01	1.997742205858230591e-01
2.073460937500000000e+03	1.979409980773925781e+01	2.694965004920959473e-01
2.073467773437500000e+03	1.968289947509765625e+01	2.347433269023895264e-01
2.083420898437500000e+03	1.929170036315917969e+01	1.943301856517791748e-01
2.083428466796875000e+03	1.943939971923828125e+01	2.084178179502487183e-01
2.083436035156250000e+03	1.969230079650878906e+01	2.380308806896209717e-01
2.083443359375000000e+03	1.877960014343261719e+01	1.545123308897018433e-01
2.090333984375000000e+03	1.922789955139160156e+01	1.875901371240615845e-01
2.090343261718750000e+03	1.966329956054687500e+01	2.342252433300018311e-01
2.090347900390625000e+03	1.963610076904296875e+01	2.314728498458862305e-01
2.230098388671875000e+03	1.956990051269531250e+01	2.288179099559783936e-01
2.230112060546875000e+03	1.941710090637207031e+01	2.126467227935791016e-01
2.239105957031250000e+03	1.964559936523437500e+01	3.056074678897857666e-01
2.201123046875000000e+03	1.862350082397460938e+01	1.415289044380187988e-01
2.201138427734375000e+03	1.941189956665039062e+01	2.014356702566146851e-01
2.427401611328125000e+03	1.907150077819824219e+01	1.762645393610000610e-01
2.339515380859375000e+03	1.963150024414062500e+01	2.650255262851715088e-01
2.339520019531250000e+03	1.895529937744140625e+01	1.897680163383483887e-01
2.339524902343750000e+03	1.898369979858398438e+01	1.902492493391036987e-01
2.339529541015625000e+03	1.904280090332031250e+01	1.964242309331893921e-01
2.464320068359375000e+03	1.945759963989257812e+01	2.121031880378723145e-01
2.464326171875000000e+03	1.900180053710937500e+01	1.706863939762115479e-01
2.464338134765625000e+03	1.937560081481933594e+01	2.037269622087478638e-01
2.472343261718750000e+03	1.914049911499023438e+01	1.820337772369384766e-01
2.472350341796875000e+03	1.972540092468261719e+01	2.427424937486648560e-01
2.472357421875000000e+03	1.961389923095703125e+01	2.293459773063659668e-01
2.381534667968750000e+03	1.902739906311035156e+01	3.153286278247833252e-01
2.381536621093750000e+03	1.953829956054687500e+01	4.188753366470336914e-01
2.399421142578125000e+03	1.920619964599609375e+01	1.877725571393966675e-01
2.399429931640625000e+03	1.899469947814941406e+01	1.701232790946960449e-01
2.399438476562500000e+03	1.904700088500976562e+01	1.742704361677169800e-01
2.399447021484375000e+03	1.933600044250488281e+01	1.998487859964370728e-01
2.440400878906250000e+03	1.902519989013671875e+01	1.725247353315353394e-01
2.440414550781250000e+03	1.922249984741210938e+01	1.892282515764236450e-01
2.440421630859375000e+03	1.943619918823242188e+01	2.098848968744277954e-01
1.138100952148437500e+03	1.872890090942382812e+01	1.820887625217437744e-01
1.138106079101562500e+03	1.945770072937011719e+01	2.623844146728515625e-01
1.138111206054687500e+03	2.076160049438476562e+01	5.415297746658325195e-01
1.138116455078125000e+03	1.959169960021972656e+01	2.815613746643066406e-01
2.381536621093750000e+03	1.954000091552734375e+01	4.192726016044616699e-01
2.576148193359375000e+03	1.902960014343261719e+01	1.503210365772247314e-01
2.576156250000000000e+03	1.969160079956054688e+01	2.046381831169128418e-01
2.576164550781250000e+03	1.957679939270019531e+01	1.938145160675048828e-01
2.616073486328125000e+03	1.974950027465820312e+01	2.032525539398193359e-01
2.616086914062500000e+03	1.876639938354492188e+01	1.319867372512817383e-01
2.616093750000000000e+03	2.004619979858398438e+01	2.384453415870666504e-01
2.607092773437500000e+03	2.050839996337890625e+01	3.977056443691253662e-01
2.607113525390625000e+03	1.988789939880371094e+01	2.869713604450225830e-01
2.758425292968750000e+03	1.963319969177246094e+01	2.018195092678070068e-01
2.758435546875000000e+03	1.989949989318847656e+01	2.292078435420989990e-01
2.758445800781250000e+03	1.969400024414062500e+01	2.069828510284423828e-01
2.758456054687500000e+03	1.959309959411621094e+01	1.958344280719757080e-01
2.792430664062500000e+03	1.928280067443847656e+01	1.988423019647598267e-01
2.792435791015625000e+03	1.944420051574707031e+01	2.150727808475494385e-01
2.792441162109375000e+03	1.977319908142089844e+01	2.537728846073150635e-01
2.798277099609375000e+03	1.962800025939941406e+01	2.426328510046005249e-01
2.798282714843750000e+03	1.924069976806640625e+01	1.996699720621109009e-01
2.798288574218750000e+03	1.916970062255859375e+01	1.921886056661605835e-01
2.798294433593750000e+03	1.982430076599121094e+01	2.670867145061492920e-01
2.811416259765625000e+03	1.948060035705566406e+01	2.112960666418075562e-01
2.811424316406250000e+03	1.961030006408691406e+01	2.242289036512374878e-01
2.811432373046875000e+03	1.929389953613281250e+01	1.916911900043487549e-01
2.825376464843750000e+03	1.888010025024414062e+01	1.592075675725936890e-01
2.825381591796875000e+03	1.909480094909667969e+01	1.756660342216491699e-01
2.825386718750000000e+03	1.916839981079101562e+01	1.822430044412612915e-01
2.837405517578125000e+03	1.921059989929199219e+01	1.889789104461669922e-01
2.837410644531250000e+03	1.924550056457519531e+01	1.923729330301284790e-01
2.837415527343750000e+03	2.035320091247558594e+01	3.425712883472442627e-01
2.837420898437500000e+03	1.937360000610351562e+01	2.048963159322738647e-01
2.844329345703125000e+03	1.957659912109375000e+01	2.327400147914886475e-01
2.844343017578125000e+03	1.930760002136230469e+01	2.056770175695419312e-01
2.844349609375000000e+03	1.937470054626464844e+01	2.136178165674209595e-01
2.938161376953125000e+03	1.879369926452636719e+01	1.400493532419204712e-01
2.938166503906250000e+03	1.906629943847656250e+01	1.582512110471725464e-01
2.938171630859375000e+03	1.888570022583007812e+01	1.456952244043350220e-01
2.945159912109375000e+03	1.871129989624023438e+01	1.431298702955245972e-01
2.945168212890625000e+03	1.873489952087402344e+01	1.455084979534149170e-01
2.945172363281250000e+03	1.897220039367675781e+01	1.615107506513595581e-01
2.966087158203125000e+03	1.867189979553222656e+01	1.530366837978363037e-01
2.966091796875000000e+03	1.882659912109375000e+01	1.632996946573257446e-01
2.966096191406250000e+03	1.910639953613281250e+01	1.863411962985992432e-01
2.966100830078125000e+03	1.919729995727539062e+01	1.947541683912277222e-01
2.972083496093750000e+03	1.889229965209960938e+01	1.496018469333648682e-01
2.972089599609375000e+03	1.986940002441406250e+01	2.367243915796279907e-01
2.972101806640625000e+03	1.910610008239746094e+01	1.651041656732559204e-01
3.125442138671875000e+03	1.909580039978027344e+01	1.871306002140045166e-01
3.125449462890625000e+03	1.895249938964843750e+01	1.747761964797973633e-01
3.125456787109375000e+03	1.960000038146972656e+01	2.383674681186676025e-01
3.125464355468750000e+03	1.863699913024902344e+01	1.506396383047103882e-01
3.147405273437500000e+03	1.878840065002441406e+01	1.672758758068084717e-01
3.147412109375000000e+03	1.922060012817382812e+01	1.986371129751205444e-01
3.147418945312500000e+03	1.919440078735351562e+01	1.936795562505722046e-01
3.173369628906250000e+03	1.925189971923828125e+01	2.032525539398193359e-01
3.173375000000000000e+03	1.916869926452636719e+01	1.922807097434997559e-01
3.173380615234375000e+03	1.930960083007812500e+01	2.058572620153427124e-01
3.173386230468750000e+03	1.936240005493164062e+01	2.116356790065765381e-01
3.180429931640625000e+03	1.897680091857910156e+01	1.755588352680206299e-01
3.180435058593750000e+03	1.929780006408691406e+01	2.042689323425292969e-01
3.180445068359375000e+03	1.903560066223144531e+01	1.804521679878234863e-01
3.194416015625000000e+03	1.894400024414062500e+01	1.769398897886276245e-01
3.194421630859375000e+03	1.946640014648437500e+01	2.290011495351791382e-01
3.194427246093750000e+03	1.899939918518066406e+01	1.832788586616516113e-01
3.194432861328125000e+03	1.934029960632324219e+01	2.191506028175354004e-01
3.201400390625000000e+03	1.903199958801269531e+01	1.878212988376617432e-01
3.201405273437500000e+03	1.890940093994140625e+01	1.777863055467605591e-01
3.201410400390625000e+03	1.927689933776855469e+01	2.115998417139053345e-01
3.201415527343750000e+03	1.926770019531250000e+01	2.113495916128158569e-01
3.265179199218750000e+03	1.893880081176757812e+01	1.812155544757843018e-01
3.265183593750000000e+03	1.900970077514648438e+01	1.871306002140045166e-01
3.265188232421875000e+03	1.923889923095703125e+01	2.104281783103942871e-01
3.265192626953125000e+03	1.865810012817382812e+01	1.590548455715179443e-01
3.287152099609375000e+03	1.899990081787109375e+01	1.820008158683776855e-01
3.287158691406250000e+03	1.927129936218261719e+01	2.086229622364044189e-01
3.287165527343750000e+03	1.916629981994628906e+01	1.978953629732131958e-01
3.287172363281250000e+03	1.854479980468750000e+01	1.491145491600036621e-01
3.301116455078125000e+03	1.920689964294433594e+01	2.008566856384277344e-01
3.301121582031250000e+03	1.910379981994628906e+01	1.907088458538055420e-01
3.301131591796875000e+03	1.871769905090332031e+01	1.611030548810958862e-01
3.318129150390625000e+03	1.887470054626464844e+01	1.636581718921661377e-01
3.318142578125000000e+03	1.869610023498535156e+01	1.517566144466400146e-01
3.331079101562500000e+03	1.867729949951171875e+01	1.513190269470214844e-01
3.331085693359375000e+03	1.845280075073242188e+01	1.372435539960861206e-01
3.331092529296875000e+03	1.945429992675781250e+01	2.173734456300735474e-01
3.331099365234375000e+03	1.899600028991699219e+01	1.754324287176132202e-01
3.338077392578125000e+03	1.829899978637695312e+01	1.160625442862510681e-01
3.338084228515625000e+03	1.845569992065429688e+01	1.231502965092658997e-01
3.338091064453125000e+03	1.879920005798339844e+01	1.413113772869110107e-01
3.338097900390625000e+03	1.881520080566406250e+01	1.438665241003036499e-01
3.505408203125000000e+03	1.911510086059570312e+01	1.869742423295974731e-01
3.521404785156250000e+03	1.901329994201660156e+01	1.790818125009536743e-01
3.521409912109375000e+03	1.897780036926269531e+01	1.767005324363708496e-01
3.521414794921875000e+03	1.892320060729980469e+01	1.721680760383605957e-01
3.521419921875000000e+03	1.916909980773925781e+01	1.930493116378784180e-01
3.530432128906250000e+03	1.910289955139160156e+01	1.892157644033432007e-01
3.530438232421875000e+03	1.909070014953613281e+01	1.878334879875183105e-01
3.536382568359375000e+03	1.910169982910156250e+01	1.761758029460906982e-01
3.536390869140625000e+03	1.945669937133789062e+01	2.088115811347961426e-01
3.536399169921875000e+03	1.904420089721679688e+01	1.713903695344924927e-01
3.536407470703125000e+03	1.911459922790527344e+01	1.768001317977905273e-01
3.551346679687500000e+03	1.923299980163574219e+01	1.901856958866119385e-01
3.551351562500000000e+03	1.909720039367675781e+01	1.783787310123443604e-01
3.551356689453125000e+03	1.940789985656738281e+01	2.069828510284423828e-01
3.551361572265625000e+03	1.909259986877441406e+01	1.780000329017639160e-01
3.566305419921875000e+03	1.966609954833984375e+01	2.355146259069442749e-01
3.566315673828125000e+03	1.924979972839355469e+01	1.917042285203933716e-01
3.566320556640625000e+03	1.955030059814453125e+01	2.221329659223556519e-01
3.586380859375000000e+03	1.996220016479492188e+01	2.745957970619201660e-01
3.586383789062500000e+03	1.967070007324218750e+01	2.360667288303375244e-01
3.586386962890625000e+03	1.990110015869140625e+01	2.659237086772918701e-01
3.592254638671875000e+03	1.949749946594238281e+01	2.163478136062622070e-01
3.592257812500000000e+03	1.982410049438476562e+01	2.554528713226318359e-01
3.592260742187500000e+03	2.047229957580566406e+01	3.621370792388916016e-01
3.592263671875000000e+03	1.947760009765625000e+01	2.142295837402343750e-01
3.654203857421875000e+03	1.875340080261230469e+01	1.527235358953475952e-01
3.654210693359375000e+03	1.902919960021972656e+01	1.728469580411911011e-01
3.654217773437500000e+03	1.904389953613281250e+01	1.740241199731826782e-01
3.654228027343750000e+03	1.880310058593750000e+01	1.560853272676467896e-01
3.681135742187500000e+03	1.893930053710937500e+01	1.658920645713806152e-01
3.681149658203125000e+03	1.911840057373046875e+01	1.801540553569793701e-01
3.681156738281250000e+03	1.919029998779296875e+01	1.863649487495422363e-01
3.693097656250000000e+03	1.913969993591308594e+01	1.819568872451782227e-01
3.693105224609375000e+03	1.903940010070800781e+01	1.736662536859512329e-01
3.693112792968750000e+03	1.892580032348632812e+01	1.648757904767990112e-01
3.857500244140625000e+03	1.881640052795410156e+01	1.533765047788619995e-01
3.857509277343750000e+03	1.858480072021484375e+01	1.388538777828216553e-01
3.863479736328125000e+03	1.873119926452636719e+01	1.502191573381423950e-01
3.863483642578125000e+03	1.846389961242675781e+01	1.343542039394378662e-01
3.863487792968750000e+03	1.876799964904785156e+01	1.525857597589492798e-01
3.863491699218750000e+03	1.868849945068359375e+01	1.472371220588684082e-01
3.879475830078125000e+03	1.886630058288574219e+01	1.578648388385772705e-01
3.879481933593750000e+03	1.897050094604492188e+01	1.655163913965225220e-01
3.885419189453125000e+03	1.885239982604980469e+01	1.553076803684234619e-01
3.885426025390625000e+03	1.898590087890625000e+01	1.647032648324966431e-01
3.885433105468750000e+03	1.875099945068359375e+01	1.483726501464843750e-01
3.885440185546875000e+03	1.890519905090332031e+01	1.587853729724884033e-01
3.894372314453125000e+03	1.887759971618652344e+01	1.589164584875106812e-01
3.894378417968750000e+03	1.859569931030273438e+01	1.397533714771270752e-01
3.894384521484375000e+03	1.881800079345703125e+01	1.546438932418823242e-01
3.894390380859375000e+03	1.796010017395019531e+01	1.103492677211761475e-01
3.903425292968750000e+03	1.883799934387207031e+01	1.539221704006195068e-01
3.903430419921875000e+03	1.876149940490722656e+01	1.488129049539566040e-01
3.903435302734375000e+03	1.904339981079101562e+01	1.688279211521148682e-01
3.903440429687500000e+03	1.863879966735839844e+01	1.413520574569702148e-01
3.914401123046875000e+03	1.898880004882812500e+01	2.036793529987335205e-01
3.914407226562500000e+03	1.847290039062500000e+01	1.531395465135574341e-01
3.914419433593750000e+03	1.861199951171875000e+01	1.976644992828369141e-01
3.935306152343750000e+03	1.898830032348632812e+01	1.380378007888793945e-01
3.935316406250000000e+03	1.894820022583007812e+01	1.360251605510711670e-01
3.935326416015625000e+03	1.901009941101074219e+01	1.399925798177719116e-01
3.935336669921875000e+03	1.902770042419433594e+01	1.413068622350692749e-01
3.941298095703125000e+03	1.881389999389648438e+01	1.582648307085037231e-01
3.941303222656250000e+03	1.901799964904785156e+01	1.736662536859512329e-01
3.941308105468750000e+03	1.899939918518066406e+01	1.717415601015090942e-01
3.941313232421875000e+03	1.900460052490234375e+01	1.722318977117538452e-01
3.947334472656250000e+03	1.912490081787109375e+01	1.900461316108703613e-01
3.947337402343750000e+03	1.872520065307617188e+01	1.562672555446624756e-01
3.947340332031250000e+03	1.888240051269531250e+01	1.672758758068084717e-01
3.947343505859375000e+03	1.911619949340820312e+01	1.864482015371322632e-01
3.962175048828125000e+03	1.893219947814941406e+01	1.654288917779922485e-01
3.962180175781250000e+03	1.891690063476562500e+01	1.636199057102203369e-01
3.962185302734375000e+03	1.893519973754882812e+01	1.651594340801239014e-01
3.962190185546875000e+03	1.884420013427734375e+01	1.587715893983840942e-01
4.058123779296875000e+03	1.878170013427734375e+01	1.620698422193527222e-01
4.058128906250000000e+03	1.887689971923828125e+01	1.695837527513504028e-01
4.058134033203125000e+03	1.879980087280273438e+01	1.641662418842315674e-01
4.058138916015625000e+03	1.841340065002441406e+01	1.395070552825927734e-01
4.233458984375000000e+03	1.870249938964843750e+01	1.473845988512039185e-01
4.233464843750000000e+03	1.863319969177246094e+01	1.432722806930541992e-01
4.233471191406250000e+03	1.864959907531738281e+01	1.441768109798431396e-01
4.242453125000000000e+03	1.903440093994140625e+01	1.708903312683105469e-01
4.242458984375000000e+03	1.887949943542480469e+01	1.598448008298873901e-01
4.242465332031250000e+03	1.858539962768554688e+01	1.405066102743148804e-01
4.950500000000000000e+03	1.841790008544921875e+01	2.180394828319549561e-01
5.040500000000000000e+03	1.936870002746582031e+01	1.494350731372833252e-01
5.416500000000000000e+03	1.922480010986328125e+01	1.399620473384857178e-01
5.706500000000000000e+03	1.863559913635253906e+01	1.070510894060134888e-01
5.726500000000000000e+03	1.877490043640136719e+01	1.126678362488746643e-01
4.594500000000000000e+03	1.939629936218261719e+01	1.393523216247558594e-01
5.033500000000000000e+03	1.853199958801269531e+01	1.171362325549125671e-01
4.979500000000000000e+03	1.855039978027343750e+01	1.121063902974128723e-01
5.704500000000000000e+03	1.883370018005371094e+01	1.150310933589935303e-01
5.043500000000000000e+03	1.955550003051757812e+01	1.618851870298385620e-01
4.801500000000000000e+03	1.858580017089843750e+01	1.107335686683654785e-01
5.767500000000000000e+03	1.899239921569824219e+01	1.250793784856796265e-01
5.147500000000000000e+03	1.940670013427734375e+01	1.395587772130966187e-01
5.044500000000000000e+03	1.874430084228515625e+01	1.222925856709480286e-01
5.407500000000000000e+03	1.925300025939941406e+01	1.336078196763992310e-01
5.302500000000000000e+03	1.931469917297363281e+01	1.329308450222015381e-01
5.525500000000000000e+03	1.929019927978515625e+01	1.607852429151535034e-01
5.170500000000000000e+03	1.956100082397460938e+01	1.502191424369812012e-01
5.723500000000000000e+03	1.829599952697753906e+01	9.626706689596176147e-02
5.397500000000000000e+03	1.905340003967285156e+01	1.247452124953269958e-01
4.775500000000000000e+03	1.939259910583496094e+01	1.690585911273956299e-01
4.556500000000000000e+03	1.969359970092773438e+01	1.573614776134490967e-01
5.736500000000000000e+03	1.897360038757324219e+01	1.211269870400428772e-01
5.724500000000000000e+03	1.849790000915527344e+01	1.020640954375267029e-01
5.535500000000000000e+03	1.921120071411132812e+01	1.364821940660476685e-01
4.590500000000000000e+03	1.910350036621093750e+01	1.238260641694068909e-01
5.363500000000000000e+03	1.856539916992187500e+01	1.027033776044845581e-01
4.999500000000000000e+03	1.839229965209960938e+01	1.025105863809585571e-01
5.302500000000000000e+03	1.953240013122558594e+01	1.452225446701049805e-01
4.768500000000000000e+03	1.924020004272460938e+01	1.325671076774597168e-01
5.368500000000000000e+03	1.889259910583496094e+01	1.150410920381546021e-01
5.515500000000000000e+03	1.933359909057617188e+01	2.159838229417800903e-01
5.410500000000000000e+03	1.934679985046386719e+01	1.384749710559844971e-01
4.985500000000000000e+03	1.937170028686523438e+01	1.550726145505905151e-01
4.616500000000000000e+03	1.919039916992187500e+01	1.304092258214950562e-01
4.621500000000000000e+03	1.895420074462890625e+01	1.229362189769744873e-01
5.368500000000000000e+03	1.926749992370605469e+01	1.330169886350631714e-01
5.762500000000000000e+03	1.887159919738769531e+01	1.181943789124488831e-01
5.694500000000000000e+03	1.849239921569824219e+01	1.031137779355049133e-01
4.787500000000000000e+03	1.854159927368164062e+01	1.108937188982963562e-01
5.719500000000000000e+03	1.844199943542480469e+01	1.009071767330169678e-01
5.498500000000000000e+03	1.845389938354492188e+01	1.048948168754577637e-01
5.538500000000000000e+03	1.844529914855957031e+01	1.012123748660087585e-01
5.755500000000000000e+03	1.883620071411132812e+01	1.184895485639572144e-01
4.686500000000000000e+03	1.927809906005859375e+01	3.627559244632720947e-01
5.397500000000000000e+03	1.932939910888671875e+01	1.417111158370971680e-01
4.686500000000000000e+03	1.989270019531250000e+01	5.145189166069030762e-01
5.810500000000000000e+03	1.906389999389648438e+01	1.309055089950561523e-01
4.778500000000000000e+03	1.905439949035644531e+01	1.222693920135498047e-01
5.337500000000000000e+03	1.923450088500976562e+01	1.319832503795623779e-01
5.762500000000000000e+03	1.915469932556152344e+01	1.324467062950134277e-01
5.121500000000000000e+03	1.926609992980957031e+01	1.337433457374572754e-01
5.863500000000000000e+03	1.832489967346191406e+01	1.080667227506637573e-01
5.277500000000000000e+03	1.869479942321777344e+01	1.056554839015007019e-01
5.715500000000000000e+03	1.875200080871582031e+01	1.117169559001922607e-01
4.594500000000000000e+03	1.949570083618164062e+01	1.458828449249267578e-01
5.352500000000000000e+03	1.910680007934570312e+01	1.426214724779129028e-01
5.880500000000000000e+03	1.934589958190917969e+01	1.467407643795013428e-01
5.532500000000000000e+03	1.888610076904296875e+01	1.205086261034011841e-01
4.956500000000000000e+03	1.931010055541992188e+01	1.487637460231781006e-01
4.628500000000000000e+03	1.881100082397460938e+01	1.140663251280784607e-01
4.801500000000000000e+03	1.877560043334960938e+01	1.180713623762130737e-01
4.628500000000000000e+03	1.909280014038085938e+01	1.272378414869308472e-01
5.381500000000000000e+03	1.870569992065429688e+01	1.057577058672904968e-01
5.496500000000000000e+03	1.938419914245605469e+01	1.525498926639556885e-01
5.851500000000000000e+03	2.084790039062500000e+01	3.446239531040191650e-01
5.538500000000000000e+03	1.868379974365234375e+01	1.101227924227714539e-01
5.393500000000000000e+03	1.865060043334960938e+01	1.060488596558570862e-01
5.121500000000000000e+03	1.951869964599609375e+01	1.491420865058898926e-01
5.385500000000000000e+03	1.934070014953613281e+01	1.343803554773330688e-01
4.923500000000000000e+03	1.830240058898925781e+01	9.884263575077056885e-02
5.755500000000000000e+03	1.867370033264160156e+01	1.107454597949981689e-01
5.124500000000000000e+03	1.865550041198730469e+01	1.106521785259246826e-01
5.044500000000000000e+03	1.897929954528808594e+01	1.350634098052978516e-01
5.410500000000000000e+03	1.846980094909667969e+01	1.001875475049018860e-01
5.293500000000000000e+03	1.920439910888671875e+01	1.276086568832397461e-01
4.956500000000000000e+03	1.856259918212890625e+01	1.101808771491050720e-01
5.416500000000000000e+03	1.862000083923339844e+01	1.136507540941238403e-01
5.389500000000000000e+03	1.928510093688964844e+01	1.313783824443817139e-01
5.033500000000000000e+03	1.934329986572265625e+01	1.786464601755142212e-01
5.744500000000000000e+03	1.851740074157714844e+01	1.044313684105873108e-01
5.476500000000000000e+03	1.906859970092773438e+01	1.319937109947204590e-01
4.768500000000000000e+03	1.914369964599609375e+01	1.275109797716140747e-01
5.726500000000000000e+03	1.851860046386718750e+01	1.030239611864089966e-01
4.765500000000000000e+03	1.912229919433593750e+01	1.234568357467651367e-01
5.134500000000000000e+03	1.862080001831054688e+01	1.054482683539390564e-01
4.768500000000000000e+03	1.824119949340820312e+01	9.230863302946090698e-02
5.719500000000000000e+03	1.898089981079101562e+01	1.223003268241882324e-01
4.775500000000000000e+03	1.894799995422363281e+01	1.312723457813262939e-01
4.969500000000000000e+03	1.884410095214843750e+01	1.239211112260818481e-01
5.121500000000000000e+03	1.925060081481933594e+01	1.329416036605834961e-01
5.762500000000000000e+03	1.882670021057128906e+01	1.158947944641113281e-01
4.923500000000000000e+03	1.876479911804199219e+01	1.166546195745468140e-01
4.771500000000000000e+03	1.942270088195800781e+01	1.392580866813659668e-01
5.337500000000000000e+03	1.910180091857910156e+01	1.249807253479957581e-01
5.328500000000000000e+03	1.953759956359863281e+01	1.506339311599731445e-01
5.498500000000000000e+03	1.861660003662109375e+01	1.115831658244132996e-01
4.944500000000000000e+03	1.849370002746582031e+01	1.462555974721908569e-01
5.140500000000000000e+03	1.906159973144531250e+01	1.237259060144424438e-01
5.723500000000000000e+03	1.892009925842285156e+01	1.195883676409721375e-01
5.127500000000000000e+03	1.845940017700195312e+01	1.202138662338256836e-01
5.423500000000000000e+03	1.937179946899414062e+01	1.386513113975524902e-01
4.594500000000000000e+03	1.910350036621093750e+01	1.238260641694068909e-01
5.509500000000000000e+03	1.895759963989257812e+01	1.234220266342163086e-01
4.969500000000000000e+03	1.914570045471191406e+01	1.458676010370254517e-01
5.124500000000000000e+03	1.919000053405761719e+01	1.361820995807647705e-01
5.744500000000000000e+03	1.875939941406250000e+01	1.137344986200332642e-01
4.793500000000000000e+03	1.885479927062988281e+01	1.281978487968444824e-01
5.337500000000000000e+03	1.876250076293945312e+01	1.139181256294250488e-01
5.675500000000000000e+03	1.894989967346191406e+01	1.200699806213378906e-01
5.423500000000000000e+03	1.865390014648437500e+01	1.054195985198020935e-01
4.624500000000000000e+03	1.918009948730468750e+01	1.291165202856063843e-01
5.733500000000000000e+03	1.875779914855957031e+01	1.123132631182670593e-01
5.310500000000000000e+03	1.951589965820312500e+01	1.469229310750961304e-01
5.709500000000000000e+03	1.885779953002929688e+01	1.168590933084487915e-01
5.349500000000000000e+03	1.942720031738281250e+01	1.425747424364089966e-01
5.476500000000000000e+03	1.911149978637695312e+01	1.340678036212921143e-01
4.985500000000000000e+03	1.888929939270019531e+01	1.238939240574836731e-01
5.140500000000000000e+03	1.972590065002441406e+01	1.643523424863815308e-01
5.324500000000000000e+03	1.924419975280761719e+01	1.308886259794235229e-01
5.628500000000000000e+03	1.873329925537109375e+01	1.111358478665351868e-01
5.023500000000000000e+03	1.802729988098144531e+01	9.193181991577148438e-02
5.393500000000000000e+03	1.836109924316406250e+01	9.622718393802642822e-02
5.628500000000000000e+03	1.865089988708496094e+01	1.080896109342575073e-01
4.775500000000000000e+03	2.026259994506835938e+01	2.522181570529937744e-01
5.882500000000000000e+03	1.952849960327148438e+01	1.566399484872817993e-01
5.410500000000000000e+03	1.926639938354492188e+01	1.341791152954101562e-01
5.416500000000000000e+03	1.850480079650878906e+01	1.080484241247177124e-01
5.397500000000000000e+03	1.929750061035156250e+01	1.375240534543991089e-01
5.645500000000000000e+03	1.882530021667480469e+01	1.172834411263465881e-01
5.675500000000000000e+03	1.896170043945312500e+01	1.206376105546951294e-01
5.767500000000000000e+03	1.909420013427734375e+01	1.305760741233825684e-01
5.040500000000000000e+03	1.911779975891113281e+01	1.347560882568359375e-01
4.979500000000000000e+03	1.897030067443847656e+01	1.347221136093139648e-01
5.324500000000000000e+03	1.955949974060058594e+01	1.490430533885955811e-01
5.332500000000000000e+03	1.852409934997558594e+01	1.011075377464294434e-01
5.851500000000000000e+03	1.950049972534179688e+01	1.736381053924560547e-01
5.509500000000000000e+03	1.887980079650878906e+01	1.194990947842597961e-01
5.849500000000000000e+03	2.024029922485351562e+01	2.232050299644470215e-01
4.559500000000000000e+03	1.975760078430175781e+01	1.609005481004714966e-01
5.512500000000000000e+03	1.892180061340332031e+01	1.208112835884094238e-01
5.499500000000000000e+03	1.885050010681152344e+01	1.205499395728111267e-01
5.348500000000000000e+03	1.883370018005371094e+01	1.118603125214576721e-01
5.715500000000000000e+03	1.857839965820312500e+01	1.052605062723159790e-01
5.407500000000000000e+03	1.928650093078613281e+01	1.353426873683929443e-01
4.621500000000000000e+03	1.994490051269531250e+01	2.472847253084182739e-01
5.410500000000000000e+03	1.930450057983398438e+01	1.362450718879699707e-01
5.302500000000000000e+03	1.934049987792968750e+01	1.340566873550415039e-01
4.905500000000000000e+03	1.870969963073730469e+01	1.146299913525581360e-01
5.709500000000000000e+03	1.870400047302246094e+01	1.102407723665237427e-01
5.029500000000000000e+03	1.889879989624023438e+01	1.694368273019790649e-01
5.029500000000000000e+03	1.900340080261230469e+01	1.420045047998428345e-01
5.147500000000000000e+03	1.912409973144531250e+01	1.250963211059570312e-01
4.787500000000000000e+03	1.882970046997070312e+01	1.234140023589134216e-01
5.127500000000000000e+03	1.947400093078613281e+01	1.465542614459991455e-01
4.926500000000000000e+03	1.862490081787109375e+01	1.112898737192153931e-01
5.736500000000000000e+03	1.862960052490234375e+01	1.067502722144126892e-01
4.594500000000000000e+03	1.997599983215332031e+01	1.804842054843902588e-01
4.801500000000000000e+03	1.830500030517578125e+01	1.006304547190666199e-01
4.957500000000000000e+03	1.870210075378417969e+01	1.140142679214477539e-01
5.525500000000000000e+03	1.904140090942382812e+01	1.273892968893051147e-01
5.713500000000000000e+03	1.899600028991699219e+01	1.235964596271514893e-01
5.762500000000000000e+03	1.911899948120117188e+01	1.302630752325057983e-01
4.887500000000000000e+03	1.916360092163085938e+01	1.363041996955871582e-01
5.882500000000000000e+03	1.927659988403320312e+01	1.406217962503433228e-01
4.926500000000000000e+03	1.879299926757812500e+01	1.186121106147766113e-01
5.170500000000000000e+03	1.854990005493164062e+01	1.023159101605415344e-01
5.476500000000000000e+03	1.889380073547363281e+01	1.235883831977844238e-01
4.778500000000000000e+03	1.920260047912597656e+01	1.295256316661834717e-01
5.393500000000000000e+03	1.923480033874511719e+01	1.319449096918106079e-01
5.368500000000000000e+03	1.957399940490722656e+01	1.510413289070129395e-01
5.755500000000000000e+03	1.829660034179687500e+01	9.765275567770004272e-02
5.748500000000000000e+03	1.857699966430664062e+01	1.055180504918098450e-01
5.468500000000000000e+03	1.881669998168945312e+01	1.236827000975608826e-01
5.724500000000000000e+03	1.843199920654296875e+01	9.993598610162734985e-02
5.704500000000000000e+03	1.848690032958984375e+01	1.014956235885620117e-01
5.381500000000000000e+03	1.932740020751953125e+01	1.336553692817687988e-01
5.512500000000000000e+03	1.883300018310546875e+01	1.169919520616531372e-01
5.423500000000000000e+03	1.858860015869140625e+01	1.030559092760086060e-01
5.357500000000000000e+03	1.924679946899414062e+01	1.390405446290969849e-01
5.683500000000000000e+03	1.847800064086914062e+01	1.005634814500808716e-01
5.683500000000000000e+03	1.852869987487792969e+01	1.030559092760086060e-01
5.142500000000000000e+03	1.965250015258789062e+01	1.743369400501251221e-01
4.765500000000000000e+03	1.900519943237304688e+01	1.188473552465438843e-01
4.993500000000000000e+03	1.910000038146972656e+01	1.346165984869003296e-01
5.525500000000000000e+03	1.920100021362304688e+01	1.352812796831130981e-01
4.950500000000000000e+03	1.824399948120117188e+01	1.739957779645919800e-01
4.905500000000000000e+03	1.817180061340332031e+01	9.442922472953796387e-02
5.052500000000000000e+03	1.840329933166503906e+01	1.067372858524322510e-01
5.525500000000000000e+03	1.862689971923828125e+01	1.097003147006034851e-01
5.349500000000000000e+03	1.940780067443847656e+01	1.413973271846771240e-01
5.043500000000000000e+03	1.943140029907226562e+01	1.539962738752365112e-01
5.363500000000000000e+03	1.892560005187988281e+01	1.164980232715606689e-01
4.982500000000000000e+03	1.843409919738769531e+01	1.061092093586921692e-01
4.590500000000000000e+03	1.939629936218261719e+01	1.393523216247558594e-01
5.849500000000000000e+03	2.026910018920898438e+01	2.266315370798110962e-01
5.008500000000000000e+03	1.890309906005859375e+01	1.247061342000961304e-01
5.713500000000000000e+03	1.854509925842285156e+01	1.046335548162460327e-01
5.645500000000000000e+03	1.865629959106445312e+01	1.097443625330924988e-01
5.713500000000000000e+03	1.854899978637695312e+01	1.048561707139015198e-01
5.363500000000000000e+03	1.925469970703125000e+01	1.325245648622512817e-01
4.887500000000000000e+03	1.838019943237304688e+01	1.020570471882820129e-01
5.246500000000000000e+03	1.913369941711425781e+01	1.295288801193237305e-01
4.926500000000000000e+03	1.910269927978515625e+01	1.337874084711074829e-01
5.253500000000000000e+03	1.945579910278320312e+01	1.410905867815017700e-01
5.293500000000000000e+03	1.951499938964843750e+01	1.450678855180740356e-01
4.996500000000000000e+03	1.912089920043945312e+01	1.489607095718383789e-01
4.556500000000000000e+03	1.919949913024902344e+01	1.275384277105331421e-01
5.170500000000000000e+03	1.930780029296875000e+01	1.352314800024032593e-01
5.535500000000000000e+03	1.884370040893554688e+01	1.187786385416984558e-01
5.040500000000000000e+03	1.908930015563964844e+01	1.333710104227066040e-01
4.887500000000000000e+03	1.850499916076660156e+01	1.064903289079666138e-01
4.763500000000000000e+03	1.898060035705566406e+01	1.174903884530067444e-01
4.926500000000000000e+03	1.891419982910156250e+01	1.239156723022460938e-01
