5.337500000000000000e+03	1.964469909667968750e+01	1.538728326559066772e-01
4.858500000000000000e+03	2.121780014038085938e+01	3.767737150192260742e-01
5.693500000000000000e+03	2.003289985656738281e+01	1.896672099828720093e-01
5.318500000000000000e+03	2.109980010986328125e+01	3.097632229328155518e-01
4.858500000000000000e+03	1.990819931030273438e+01	1.915219873189926147e-01
5.332500000000000000e+03	2.196100044250488281e+01	5.281810164451599121e-01
5.413500000000000000e+03	2.086190032958984375e+01	2.964079380035400391e-01
5.324500000000000000e+03	2.051409912109375000e+01	2.329331487417221069e-01
5.207500000000000000e+03	2.091550064086914062e+01	2.811772227287292480e-01
5.381500000000000000e+03	2.074790000915527344e+01	2.599890828132629395e-01
5.318500000000000000e+03	2.014019966125488281e+01	1.897932440042495728e-01
2.436224853515625000e+03	2.037019920349121094e+01	3.422701060771942139e-01
2.026308593750000000e+03	2.111470031738281250e+01	4.972800016403198242e-01
2.436230468750000000e+03	2.130410003662109375e+01	5.834398269653320312e-01
3.201252197265625000e+03	2.016230010986328125e+01	3.283110260963439941e-01
2.048204101562500000e+03	2.143910026550292969e+01	6.087864041328430176e-01
2.788188476562500000e+03	2.119560050964355469e+01	5.607154369354248047e-01
3.168162597656250000e+03	1.960770034790039062e+01	2.353148311376571655e-01
3.201257812500000000e+03	2.095479965209960938e+01	5.175510644912719727e-01
3.053478271484375000e+03	1.995170021057128906e+01	2.668674886226654053e-01
3.201246582031250000e+03	2.107159996032714844e+01	5.480023026466369629e-01
1.665414062500000000e+03	2.130699920654296875e+01	5.402069091796875000e-01
3.053483398437500000e+03	2.035639953613281250e+01	3.314248025417327881e-01
2.730504150390625000e+03	2.003750038146972656e+01	2.794464528560638428e-01
2.730498046875000000e+03	2.091659927368164062e+01	4.543409943580627441e-01
3.561183837890625000e+03	2.068190002441406250e+01	4.072979688644409180e-01
3.796413330078125000e+03	2.056529998779296875e+01	3.814872801303863525e-01
3.845371582031250000e+03	2.120439910888671875e+01	5.294262766838073730e-01
3.904273437500000000e+03	2.134399986267089844e+01	5.723920464515686035e-01
3.499238281250000000e+03	2.079350090026855469e+01	4.351805448532104492e-01
3.789482177734375000e+03	2.018829917907714844e+01	3.099328577518463135e-01
4.231393066406250000e+03	1.967779922485351562e+01	2.323072701692581177e-01
4.175475585937500000e+03	1.992309951782226562e+01	2.613154947757720947e-01
3.904263427734375000e+03	2.048900032043457031e+01	3.491539955139160156e-01
3.493370361328125000e+03	2.056699943542480469e+01	3.905549943447113037e-01
4.244258300781250000e+03	1.981450080871582031e+01	2.499091029167175293e-01
3.796417236328125000e+03	2.118239974975585938e+01	5.433964133262634277e-01
3.493377929687500000e+03	2.046540069580078125e+01	3.697654604911804199e-01
4.196439453125000000e+03	2.080489921569824219e+01	4.273022711277008057e-01
3.845356933593750000e+03	2.058839988708496094e+01	3.716491162776947021e-01
4.175471679687500000e+03	1.994549942016601562e+01	2.642780244350433350e-01
3.789472167968750000e+03	2.108090019226074219e+01	5.119902491569519043e-01
3.876313476562500000e+03	2.039220046997070312e+01	3.376962542533874512e-01
3.410453857421875000e+03	2.007539939880371094e+01	2.905643284320831299e-01
3.499232421875000000e+03	2.041410064697265625e+01	3.541876375675201416e-01
4.183363281250000000e+03	1.996689987182617188e+01	3.084156513214111328e-01
4.231374511718750000e+03	2.042300033569335938e+01	3.431758582592010498e-01
3.789477050781250000e+03	2.062409973144531250e+01	3.943088650703430176e-01
3.916188232421875000e+03	2.117930030822753906e+01	5.321938991546630859e-01
3.479341552734375000e+03	2.098349952697753906e+01	4.426987171173095703e-01
3.525286621093750000e+03	2.074049949645996094e+01	4.379960298538208008e-01
3.883331054687500000e+03	2.091099929809570312e+01	4.473836719989776611e-01
3.525301757812500000e+03	2.076959991455078125e+01	4.488157629966735840e-01
3.569233642578125000e+03	1.979630088806152344e+01	2.517879605293273926e-01
3.916198730468750000e+03	1.989369964599609375e+01	2.564511299133300781e-01
4.154517578125000000e+03	1.924309921264648438e+01	1.861041486263275146e-01
5.349500000000000000e+03	2.035199928283691406e+01	2.157549113035202026e-01
5.627500000000000000e+03	2.197170066833496094e+01	5.368075370788574219e-01
5.337500000000000000e+03	2.093619918823242188e+01	2.905174195766448975e-01
4.993500000000000000e+03	1.956030082702636719e+01	1.612773388624191284e-01
5.575500000000000000e+03	2.169949913024902344e+01	4.935187995433807373e-01
4.866500000000000000e+03	2.100309944152832031e+01	3.250845372676849365e-01
4.883500000000000000e+03	2.113529968261718750e+01	4.215434789657592773e-01
4.979500000000000000e+03	2.181500053405761719e+01	5.347438454627990723e-01
4.938500000000000000e+03	2.094070053100585938e+01	3.177340626716613770e-01
4.640500000000000000e+03	2.001510047912597656e+01	1.914310753345489502e-01
4.981500000000000000e+03	2.016139984130859375e+01	2.176860719919204712e-01
5.008500000000000000e+03	2.161560058593750000e+01	4.771203994750976562e-01
4.949500000000000000e+03	2.055789947509765625e+01	2.650970518589019775e-01
5.328500000000000000e+03	1.970479965209960938e+01	1.572215557098388672e-01
4.894500000000000000e+03	2.020409965515136719e+01	2.127195298671722412e-01
5.420500000000000000e+03	2.051749992370605469e+01	2.386273592710494995e-01
5.624500000000000000e+03	2.071010017395019531e+01	2.674165368080139160e-01
5.413500000000000000e+03	2.086560058593750000e+01	2.980115115642547607e-01
4.863500000000000000e+03	2.166160011291503906e+01	4.773092567920684814e-01
5.736500000000000000e+03	2.203730010986328125e+01	5.678249597549438477e-01
4.640500000000000000e+03	2.127750015258789062e+01	3.684627115726470947e-01
4.971500000000000000e+03	1.996190071105957031e+01	1.958623826503753662e-01
4.968500000000000000e+03	2.021380043029785156e+01	2.194512486457824707e-01
4.947500000000000000e+03	2.005870056152343750e+01	1.966504305601119995e-01
5.413500000000000000e+03	2.089450073242187500e+01	3.017139136791229248e-01
4.866500000000000000e+03	1.967099952697753906e+01	1.666360348463058472e-01
5.300500000000000000e+03	1.984690093994140625e+01	2.073176503181457520e-01
5.296500000000000000e+03	2.111890029907226562e+01	3.591729104518890381e-01
4.947500000000000000e+03	2.023740005493164062e+01	2.149221152067184448e-01
4.621500000000000000e+03	2.053030014038085938e+01	2.713564336299896240e-01
5.276500000000000000e+03	1.980979919433593750e+01	1.623519361019134521e-01
5.624500000000000000e+03	2.111210060119628906e+01	3.326663672924041748e-01
5.630500000000000000e+03	2.123419952392578125e+01	3.615211844444274902e-01
5.223500000000000000e+03	1.963829994201660156e+01	1.518211662769317627e-01
4.866500000000000000e+03	2.053149986267089844e+01	2.487192153930664062e-01
5.207500000000000000e+03	2.173139953613281250e+01	4.425448477268218994e-01
4.964500000000000000e+03	1.992460060119628906e+01	1.888050138950347900e-01
5.706500000000000000e+03	2.127980041503906250e+01	3.630220592021942139e-01
5.630500000000000000e+03	2.048299980163574219e+01	2.390973716974258423e-01
5.719500000000000000e+03	2.029220008850097656e+01	2.268539369106292725e-01
5.245500000000000000e+03	2.208860015869140625e+01	5.350006818771362305e-01
4.851500000000000000e+03	2.088909912109375000e+01	3.154476284980773926e-01
4.621500000000000000e+03	2.088500022888183594e+01	3.158652782440185547e-01
5.324500000000000000e+03	2.012999916076660156e+01	1.926504969596862793e-01
4.974500000000000000e+03	2.134810066223144531e+01	4.080342054367065430e-01
4.993500000000000000e+03	2.064719963073730469e+01	2.753135561943054199e-01
4.886500000000000000e+03	1.981049919128417969e+01	2.070663869380950928e-01
4.995500000000000000e+03	2.052359962463378906e+01	2.619690895080566406e-01
5.029500000000000000e+03	2.079170036315917969e+01	4.270231127738952637e-01
4.834500000000000000e+03	2.057010078430175781e+01	2.662130296230316162e-01
5.328500000000000000e+03	2.091839981079101562e+01	2.854009270668029785e-01
4.999500000000000000e+03	2.089979934692382812e+01	3.149130344390869141e-01
5.570500000000000000e+03	2.184840011596679688e+01	4.985510408878326416e-01
4.593500000000000000e+03	2.093680000305175781e+01	2.958624660968780518e-01
5.291500000000000000e+03	2.107049942016601562e+01	3.039363324642181396e-01
5.624500000000000000e+03	2.044499969482421875e+01	2.324992865324020386e-01
4.971500000000000000e+03	2.039870071411132812e+01	2.444334477186203003e-01
5.715500000000000000e+03	2.166449928283691406e+01	4.581854939460754395e-01
4.999500000000000000e+03	2.001189994812011719e+01	1.994620114564895630e-01
4.863500000000000000e+03	2.017779922485351562e+01	2.137841135263442993e-01
4.949500000000000000e+03	2.063330078125000000e+01	3.273798525333404541e-01
4.834500000000000000e+03	2.136650085449218750e+01	4.145728647708892822e-01
4.922500000000000000e+03	1.967799949645996094e+01	1.690500229597091675e-01
5.008500000000000000e+03	1.965940093994140625e+01	1.719044744968414307e-01
4.974500000000000000e+03	2.061400032043457031e+01	2.724753320217132568e-01
5.276500000000000000e+03	2.086070060729980469e+01	2.715483903884887695e-01
5.200500000000000000e+03	1.950709915161132812e+01	1.415425240993499756e-01
5.245500000000000000e+03	1.968339920043945312e+01	1.525678187608718872e-01
5.693500000000000000e+03	2.078720092773437500e+01	2.778289616107940674e-01
4.858500000000000000e+03	2.005590057373046875e+01	2.054646313190460205e-01
4.922500000000000000e+03	2.017560005187988281e+01	2.140807658433914185e-01
4.897500000000000000e+03	1.952400016784667969e+01	1.549839973449707031e-01
4.858500000000000000e+03	2.045100021362304688e+01	2.510859966278076172e-01
4.999500000000000000e+03	2.022900009155273438e+01	2.208100855350494385e-01
4.894500000000000000e+03	2.117460060119628906e+01	3.556040227413177490e-01
4.581500000000000000e+03	2.116320037841796875e+01	3.285784721374511719e-01
5.328500000000000000e+03	2.124290084838867188e+01	3.401089310646057129e-01
4.979500000000000000e+03	2.109620094299316406e+01	3.553529083728790283e-01
5.352500000000000000e+03	2.065940093994140625e+01	2.555810213088989258e-01
5.276500000000000000e+03	2.028639984130859375e+01	2.026567012071609497e-01
4.859500000000000000e+03	2.012319946289062500e+01	2.070329636335372925e-01
5.575500000000000000e+03	2.097690010070800781e+01	3.297897577285766602e-01
5.023500000000000000e+03	1.993759918212890625e+01	1.963678151369094849e-01
4.686500000000000000e+03	2.094849967956542969e+01	3.096502721309661865e-01
5.762500000000000000e+03	2.165110015869140625e+01	4.677498936653137207e-01
4.883500000000000000e+03	1.930839920043945312e+01	1.730505526065826416e-01
4.640500000000000000e+03	2.101630020141601562e+01	3.193879127502441406e-01
4.968500000000000000e+03	2.165349960327148438e+01	4.811294078826904297e-01
4.894500000000000000e+03	2.038209915161132812e+01	2.317340970039367676e-01
5.385500000000000000e+03	2.039369964599609375e+01	2.170234024524688721e-01
5.546500000000000000e+03	1.968320083618164062e+01	1.632844954729080200e-01
4.897500000000000000e+03	2.066539955139160156e+01	2.708592712879180908e-01
5.647500000000000000e+03	2.203050041198730469e+01	5.544028878211975098e-01
5.293500000000000000e+03	2.029190063476562500e+01	2.035842686891555786e-01
5.647500000000000000e+03	2.009230041503906250e+01	1.943574398756027222e-01
5.647500000000000000e+03	2.140010070800781250e+01	3.856310844421386719e-01
5.291500000000000000e+03	2.088360023498535156e+01	2.748742699623107910e-01
4.964500000000000000e+03	2.011030006408691406e+01	2.068160921335220337e-01
4.593500000000000000e+03	2.123810005187988281e+01	3.485983014106750488e-01
4.949500000000000000e+03	2.032430076599121094e+01	2.360163778066635132e-01
5.903500000000000000e+03	2.080069923400878906e+01	2.917440831661224365e-01
5.736500000000000000e+03	2.112919998168945312e+01	3.375515937805175781e-01
5.352500000000000000e+03	2.039279937744140625e+01	2.195919901132583618e-01
5.297500000000000000e+03	2.032379913330078125e+01	2.063514292240142822e-01
5.189500000000000000e+03	2.025250053405761719e+01	2.022212147712707520e-01
5.713500000000000000e+03	2.045240020751953125e+01	2.383674532175064087e-01
5.674500000000000000e+03	2.070369911193847656e+01	2.743181586265563965e-01
4.981500000000000000e+03	1.954780006408691406e+01	1.620476394891738892e-01
5.332500000000000000e+03	2.084510040283203125e+01	2.724753320217132568e-01
5.328500000000000000e+03	1.986650085449218750e+01	1.691271513700485229e-01
5.318500000000000000e+03	2.007950019836425781e+01	1.857974529266357422e-01
4.974500000000000000e+03	2.100370025634765625e+01	3.367590904235839844e-01
4.585500000000000000e+03	2.074749946594238281e+01	2.661406099796295166e-01
4.938500000000000000e+03	2.072719955444335938e+01	2.943896055221557617e-01
4.938500000000000000e+03	2.085120010375976562e+01	3.026605844497680664e-01
5.385500000000000000e+03	2.083279991149902344e+01	2.718177735805511475e-01
5.293500000000000000e+03	2.087269973754882812e+01	2.747150361537933350e-01
5.357500000000000000e+03	2.119860076904296875e+01	3.346948921680450439e-01
4.947500000000000000e+03	2.030349922180175781e+01	2.365721166133880615e-01
5.261500000000000000e+03	2.089500045776367188e+01	2.860708832740783691e-01
4.542500000000000000e+03	1.999830055236816406e+01	2.149597406387329102e-01
5.713500000000000000e+03	2.119759941101074219e+01	3.542705178260803223e-01
5.310500000000000000e+03	2.010190010070800781e+01	1.886440068483352661e-01
4.859500000000000000e+03	1.969630050659179688e+01	1.696183681488037109e-01
5.051500000000000000e+03	2.168409919738769531e+01	4.931055903434753418e-01
5.261500000000000000e+03	2.003510093688964844e+01	1.811614483594894409e-01
5.293500000000000000e+03	2.054820060729980469e+01	2.318531572818756104e-01
5.385500000000000000e+03	2.044939994812011719e+01	2.231415212154388428e-01
5.245500000000000000e+03	2.062969970703125000e+01	2.389403879642486572e-01
5.291500000000000000e+03	2.204280090332031250e+01	5.252240300178527832e-01
5.293500000000000000e+03	1.958550071716308594e+01	1.473002582788467407e-01
5.715500000000000000e+03	1.846050071716308594e+01	1.011097803711891174e-01
5.029500000000000000e+03	1.987059974670410156e+01	2.138581573963165283e-01
5.792500000000000000e+03	2.015099906921386719e+01	2.184738814830780029e-01
5.291500000000000000e+03	2.026009941101074219e+01	2.003130912780761719e-01
4.971500000000000000e+03	2.061020088195800781e+01	2.729813754558563232e-01
5.012500000000000000e+03	2.054850006103515625e+01	2.565807998180389404e-01
5.324500000000000000e+03	2.205820083618164062e+01	5.452803969383239746e-01
5.029500000000000000e+03	2.013789939880371094e+01	2.391497790813446045e-01
4.971500000000000000e+03	2.063599967956542969e+01	2.833748161792755127e-01
5.332500000000000000e+03	2.128019905090332031e+01	3.460895419120788574e-01
5.410500000000000000e+03	2.168440055847167969e+01	4.492959082126617432e-01
5.310500000000000000e+03	2.072750091552734375e+01	2.575596272945404053e-01
5.357500000000000000e+03	2.118120002746582031e+01	3.301284909248352051e-01
4.883500000000000000e+03	2.075749969482421875e+01	3.333618938922882080e-01
4.868500000000000000e+03	2.100110054016113281e+01	3.347654938697814941e-01
5.630500000000000000e+03	2.081489944458007812e+01	2.845147848129272461e-01
5.357500000000000000e+03	2.034269905090332031e+01	2.144160568714141846e-01
5.389500000000000000e+03	2.170140075683593750e+01	4.384451508522033691e-01
5.410500000000000000e+03	2.155540084838867188e+01	4.187431335449218750e-01
4.834500000000000000e+03	2.054929924011230469e+01	2.638536989688873291e-01
4.922500000000000000e+03	2.026329994201660156e+01	2.236298769712448120e-01
4.863500000000000000e+03	2.076919937133789062e+01	2.871071398258209229e-01
4.851500000000000000e+03	2.008259963989257812e+01	2.076036036014556885e-01
4.585500000000000000e+03	2.014410018920898438e+01	1.962551325559616089e-01
5.352500000000000000e+03	2.181719970703125000e+01	4.748698472976684570e-01
5.736500000000000000e+03	2.194989967346191406e+01	5.386308431625366211e-01
5.337500000000000000e+03	2.099379920959472656e+01	3.000004887580871582e-01
4.999500000000000000e+03	2.101589965820312500e+01	3.342020213603973389e-01
5.407500000000000000e+03	2.115390014648437500e+01	3.364006280899047852e-01
5.706500000000000000e+03	2.130900001525878906e+01	3.685553371906280518e-01
5.051500000000000000e+03	2.075830078125000000e+01	2.986194193363189697e-01
4.581500000000000000e+03	1.991259956359863281e+01	1.739014089107513428e-01
5.381500000000000000e+03	2.074440002441406250e+01	2.595178186893463135e-01
4.981500000000000000e+03	2.089109992980957031e+01	3.190797567367553711e-01
4.859500000000000000e+03	2.030459976196289062e+01	2.276152223348617554e-01
5.337500000000000000e+03	1.951329994201660156e+01	1.455992311239242554e-01
5.245500000000000000e+03	2.022669982910156250e+01	1.957227438688278198e-01
5.261500000000000000e+03	2.098150062561035156e+01	2.929379642009735107e-01
4.947500000000000000e+03	2.125009918212890625e+01	3.667151331901550293e-01
4.863500000000000000e+03	2.020730018615722656e+01	2.152048796415328979e-01
5.261500000000000000e+03	2.028389930725097656e+01	2.041569650173187256e-01
4.851500000000000000e+03	1.992779922485351562e+01	1.922543644905090332e-01
5.633500000000000000e+03	2.022039985656738281e+01	2.076036036014556885e-01
4.949500000000000000e+03	1.989900016784667969e+01	1.998637020587921143e-01
4.995500000000000000e+03	2.038400077819824219e+01	2.447703331708908081e-01
5.023500000000000000e+03	2.088249969482421875e+01	3.195113837718963623e-01
5.008500000000000000e+03	1.993680000305175781e+01	1.961286067962646484e-01
4.938500000000000000e+03	2.094090080261230469e+01	3.225804567337036133e-01
5.715500000000000000e+03	2.103330039978027344e+01	3.208163976669311523e-01
4.968500000000000000e+03	2.104400062561035156e+01	3.485191166400909424e-01
5.253500000000000000e+03	2.133219909667968750e+01	3.480451107025146484e-01
5.706500000000000000e+03	2.206410026550292969e+01	5.699441432952880859e-01
4.979500000000000000e+03	2.109609985351562500e+01	3.554365336894989014e-01
5.349500000000000000e+03	2.038209915161132812e+01	2.192106246948242188e-01
5.381500000000000000e+03	2.077280044555664062e+01	2.633962929248809814e-01
5.207500000000000000e+03	2.148559951782226562e+01	3.861579298973083496e-01
5.008500000000000000e+03	1.993619918823242188e+01	1.954027712345123291e-01
5.324500000000000000e+03	2.082889938354492188e+01	2.745560705661773682e-01
5.023500000000000000e+03	2.036510086059570312e+01	2.416257709264755249e-01
5.733500000000000000e+03	2.107019996643066406e+01	3.365438878536224365e-01
5.023500000000000000e+03	2.051070022583007812e+01	2.611443102359771729e-01
5.276500000000000000e+03	2.198159980773925781e+01	5.057016611099243164e-01
4.894500000000000000e+03	2.189719963073730469e+01	5.362896323204040527e-01
5.570500000000000000e+03	2.040959930419921875e+01	2.271217256784439087e-01
4.859500000000000000e+03	1.973240089416503906e+01	1.723964065313339233e-01
4.851500000000000000e+03	2.165710067749023438e+01	4.854286313056945801e-01
5.736500000000000000e+03	2.182040023803710938e+01	5.015511512756347656e-01
4.995500000000000000e+03	2.146739959716796875e+01	4.369529485702514648e-01
5.051500000000000000e+03	2.067580032348632812e+01	2.872884869575500488e-01
5.051500000000000000e+03	1.998480033874511719e+01	1.995362043380737305e-01
5.332500000000000000e+03	2.132649993896484375e+01	3.551857769489288330e-01
4.624500000000000000e+03	2.120070075988769531e+01	3.455475568771362305e-01
5.029500000000000000e+03	2.050160026550292969e+01	2.927939295768737793e-01
4.866500000000000000e+03	2.003549957275390625e+01	1.971339285373687744e-01
4.993500000000000000e+03	2.068499946594238281e+01	2.806250154972076416e-01
4.995500000000000000e+03	2.015850067138671875e+01	2.198945432901382446e-01
5.296500000000000000e+03	2.016259956359863281e+01	2.363442927598953247e-01
5.223500000000000000e+03	2.131809997558593750e+01	3.496322929859161377e-01
5.200500000000000000e+03	1.994359970092773438e+01	1.720042973756790161e-01
5.297500000000000000e+03	2.021229934692382812e+01	1.955973356962203979e-01
5.200500000000000000e+03	2.067259979248046875e+01	2.457325607538223267e-01
4.883500000000000000e+03	1.948870086669921875e+01	1.691958010196685791e-01
5.393500000000000000e+03	2.106019973754882812e+01	3.139102756977081299e-01
5.310500000000000000e+03	2.019599914550781250e+01	1.973771303892135620e-01
