5.712500000000000000e+03	1.993309974670410156e+01	1.871185600757598877e-01
5.684500000000000000e+03	2.012360000610351562e+01	2.166558206081390381e-01
5.360500000000000000e+03	1.893350028991699219e+01	1.341642439365386963e-01
5.318500000000000000e+03	1.982329940795898438e+01	1.697571426630020142e-01
4.985500000000000000e+03	2.090609931945800781e+01	3.342723250389099121e-01
4.534500000000000000e+03	1.922940063476562500e+01	1.299759894609451294e-01
5.343500000000000000e+03	2.103800010681152344e+01	3.119320869445800781e-01
5.176500000000000000e+03	1.896030044555664062e+01	1.180847585201263428e-01
5.223500000000000000e+03	1.972410011291503906e+01	1.591658592224121094e-01
4.894500000000000000e+03	1.882270050048828125e+01	1.187100857496261597e-01
5.514500000000000000e+03	1.998660087585449219e+01	1.920704096555709839e-01
4.938500000000000000e+03	1.880310058593750000e+01	1.194100975990295410e-01
4.866500000000000000e+03	1.926670074462890625e+01	1.436786353588104248e-01
5.859500000000000000e+03	1.984530067443847656e+01	1.884834468364715576e-01
4.851500000000000000e+03	1.884329986572265625e+01	1.214210316538810730e-01
4.964500000000000000e+03	1.832040023803710938e+01	1.045545712113380432e-01
5.735500000000000000e+03	1.987129974365234375e+01	2.830702066421508789e-01
5.223500000000000000e+03	1.910199928283691406e+01	1.230628937482833862e-01
4.883500000000000000e+03	1.848679924011230469e+01	1.328091770410537720e-01
4.984500000000000000e+03	1.890309906005859375e+01	1.294738054275512695e-01
5.276500000000000000e+03	1.952720069885253906e+01	1.452575474977493286e-01
5.347500000000000000e+03	1.942620086669921875e+01	1.458421945571899414e-01
4.995500000000000000e+03	1.906839942932128906e+01	1.381746232509613037e-01
5.644500000000000000e+03	1.958959960937500000e+01	1.626732200384140015e-01
5.880500000000000000e+03	1.970479965209960938e+01	1.697137355804443359e-01
4.984500000000000000e+03	1.833749961853027344e+01	1.049682945013046265e-01
5.892500000000000000e+03	1.963229942321777344e+01	1.735912263393402100e-01
5.331500000000000000e+03	1.928000068664550781e+01	1.530608683824539185e-01
4.894500000000000000e+03	1.874609947204589844e+01	1.149073466658592224e-01
5.705500000000000000e+03	1.971640014648437500e+01	1.686662286520004272e-01
5.684500000000000000e+03	2.019519996643066406e+01	2.075362056493759155e-01
4.829500000000000000e+03	1.850659942626953125e+01	1.306799352169036865e-01
4.809500000000000000e+03	1.956529998779296875e+01	2.381084263324737549e-01
5.528500000000000000e+03	1.992140007019042969e+01	1.794473230838775635e-01
5.360500000000000000e+03	1.946139907836914062e+01	1.458016037940979004e-01
5.351500000000000000e+03	1.854640007019042969e+01	1.032435968518257141e-01
4.984500000000000000e+03	1.940710067749023438e+01	1.593050211668014526e-01
5.570500000000000000e+03	1.925629997253417969e+01	1.344476938247680664e-01
5.627500000000000000e+03	1.999600028991699219e+01	1.873115450143814087e-01
4.891500000000000000e+03	1.915019989013671875e+01	1.345151513814926147e-01
5.168500000000000000e+03	1.976969909667968750e+01	1.683444529771804810e-01
5.343500000000000000e+03	1.951840019226074219e+01	1.476280391216278076e-01
5.261500000000000000e+03	1.971109962463378906e+01	1.562347114086151123e-01
5.351500000000000000e+03	1.969210052490234375e+01	1.629439145326614380e-01
5.718500000000000000e+03	1.963120079040527344e+01	1.639192253351211548e-01
4.971500000000000000e+03	1.878170013427734375e+01	1.223003268241882324e-01
4.866500000000000000e+03	1.948360061645507812e+01	1.573414653539657593e-01
4.964500000000000000e+03	1.855979919433593750e+01	1.136678606271743774e-01
5.258500000000000000e+03	1.863730049133300781e+01	1.030264198780059814e-01
4.825500000000000000e+03	1.923080062866210938e+01	1.406528651714324951e-01
4.883500000000000000e+03	1.839209938049316406e+01	1.230576038360595703e-01
5.674500000000000000e+03	1.907080078125000000e+01	1.248459294438362122e-01
4.978500000000000000e+03	1.870019912719726562e+01	1.412436515092849731e-01
5.340500000000000000e+03	1.847879981994628906e+01	9.985420852899551392e-02
5.176500000000000000e+03	2.030240058898925781e+01	2.136732041835784912e-01
5.120500000000000000e+03	1.901549911499023438e+01	1.219388842582702637e-01
4.862500000000000000e+03	1.920919990539550781e+01	2.107810527086257935e-01
5.570500000000000000e+03	1.964010047912597656e+01	1.578715890645980835e-01
4.850500000000000000e+03	1.780529975891113281e+01	1.072007268667221069e-01
4.886500000000000000e+03	1.897450065612792969e+01	1.513654738664627075e-01
5.633500000000000000e+03	1.977829933166503906e+01	1.681927740573883057e-01
5.179500000000000000e+03	1.901919937133789062e+01	1.190106421709060669e-01
5.882500000000000000e+03	1.985930061340332031e+01	1.764028668403625488e-01
5.543500000000000000e+03	2.020649909973144531e+01	2.086400836706161499e-01
4.809500000000000000e+03	1.805579948425292969e+01	1.302697062492370605e-01
4.995500000000000000e+03	1.854089927673339844e+01	1.130013018846511841e-01
4.894500000000000000e+03	1.812000083923339844e+01	9.301970899105072021e-02
4.904500000000000000e+03	1.854619979858398438e+01	1.068153455853462219e-01
5.179500000000000000e+03	1.958930015563964844e+01	1.501287817955017090e-01
5.647500000000000000e+03	1.981150054931640625e+01	1.831216663122177124e-01
5.183500000000000000e+03	1.886560058593750000e+01	1.147465333342552185e-01
4.883500000000000000e+03	1.821829986572265625e+01	1.218523681163787842e-01
4.805500000000000000e+03	1.896209907531738281e+01	1.289472728967666626e-01
4.998500000000000000e+03	1.855960083007812500e+01	1.110789775848388672e-01
4.786500000000000000e+03	1.983230018615722656e+01	1.876144260168075562e-01
4.978500000000000000e+03	1.877960014343261719e+01	1.317365467548370361e-01
5.633500000000000000e+03	1.944280052185058594e+01	1.450629085302352905e-01
5.183500000000000000e+03	1.990390014648437500e+01	1.767204403877258301e-01
4.805500000000000000e+03	1.865019989013671875e+01	1.143203601241111755e-01
5.868500000000000000e+03	2.003140068054199219e+01	2.066497504711151123e-01
5.183500000000000000e+03	1.955179977416992188e+01	1.508974283933639526e-01
5.508500000000000000e+03	2.027569961547851562e+01	2.180985659360885620e-01
5.327500000000000000e+03	1.896220016479492188e+01	1.174685359001159668e-01
5.674500000000000000e+03	1.993120002746582031e+01	1.804308146238327026e-01
4.886500000000000000e+03	1.888349914550781250e+01	1.265620440244674683e-01
4.825500000000000000e+03	1.830369949340820312e+01	9.855796396732330322e-02
5.186500000000000000e+03	1.910309982299804688e+01	1.240683346986770630e-01
4.833500000000000000e+03	1.932439994812011719e+01	1.436834484338760376e-01
4.825500000000000000e+03	1.867480087280273438e+01	1.245947480201721191e-01
5.896500000000000000e+03	1.945140075683593750e+01	1.501175016164779663e-01
4.938500000000000000e+03	1.850830078125000000e+01	1.078631654381752014e-01
5.715500000000000000e+03	2.008209991455078125e+01	2.030951976776123047e-01
5.531500000000000000e+03	1.897979927062988281e+01	1.221742257475852966e-01
5.743500000000000000e+03	1.935300064086914062e+01	1.457813233137130737e-01
5.186500000000000000e+03	1.908510017395019531e+01	1.233391836285591125e-01
5.708500000000000000e+03	2.012969970703125000e+01	2.062853276729583740e-01
4.537500000000000000e+03	1.897850036621093750e+01	1.190683618187904358e-01
4.829500000000000000e+03	1.885969924926757812e+01	2.351653426885604858e-01
4.833500000000000000e+03	1.901670074462890625e+01	1.270209997892379761e-01
4.534500000000000000e+03	1.924270057678222656e+01	1.309291720390319824e-01
5.659500000000000000e+03	2.011409950256347656e+01	1.985201686620712280e-01
4.833500000000000000e+03	1.853100013732910156e+01	1.079784035682678223e-01
5.207500000000000000e+03	1.902809906005859375e+01	1.196708381175994873e-01
4.866500000000000000e+03	1.956060028076171875e+01	1.633833497762680054e-01
5.534500000000000000e+03	1.968639945983886719e+01	1.622403860092163086e-01
5.531500000000000000e+03	1.929089927673339844e+01	1.391043961048126221e-01
5.215500000000000000e+03	1.904450035095214844e+01	1.229204162955284119e-01
4.904500000000000000e+03	1.892230033874511719e+01	1.224217787384986877e-01
5.356500000000000000e+03	1.907939910888671875e+01	1.242299899458885193e-01
5.644500000000000000e+03	1.973399925231933594e+01	1.678239405155181885e-01
5.674500000000000000e+03	2.048740005493164062e+01	2.370808422565460205e-01
4.998500000000000000e+03	1.846730041503906250e+01	1.079616919159889221e-01
5.258500000000000000e+03	1.947999954223632812e+01	1.418804526329040527e-01
4.862500000000000000e+03	1.870879936218261719e+01	1.462145745754241943e-01
5.340500000000000000e+03	2.041959953308105469e+01	2.264540940523147583e-01
5.528500000000000000e+03	1.902840042114257812e+01	1.224269568920135498e-01
5.183500000000000000e+03	1.925930023193359375e+01	1.338499337434768677e-01
5.563500000000000000e+03	1.991349983215332031e+01	1.890037953853607178e-01
5.543500000000000000e+03	1.955030059814453125e+01	1.538543403148651123e-01
4.886500000000000000e+03	1.820520019531250000e+01	9.985951334238052368e-02
5.633500000000000000e+03	1.912789916992187500e+01	1.273256093263626099e-01
5.531500000000000000e+03	2.034449958801269531e+01	2.267871499061584473e-01
5.619500000000000000e+03	1.871960067749023438e+01	1.266717165708541870e-01
5.859500000000000000e+03	2.075519943237304688e+01	2.992309331893920898e-01
4.891500000000000000e+03	1.851530075073242188e+01	1.057010143995285034e-01
4.537500000000000000e+03	1.889699935913085938e+01	1.200532391667366028e-01
5.630500000000000000e+03	1.878779983520507812e+01	1.120920628309249878e-01
5.120500000000000000e+03	1.911709976196289062e+01	1.265236139297485352e-01
4.777500000000000000e+03	1.863969993591308594e+01	1.052077114582061768e-01
4.777500000000000000e+03	1.896929931640625000e+01	1.186348646879196167e-01
4.978500000000000000e+03	1.826370048522949219e+01	1.225463226437568665e-01
5.300500000000000000e+03	1.928400039672851562e+01	1.344626694917678833e-01
4.995500000000000000e+03	1.918969917297363281e+01	1.444748640060424805e-01
5.215500000000000000e+03	1.959840011596679688e+01	2.459035664796829224e-01
4.610500000000000000e+03	1.896689987182617188e+01	1.227759867906570435e-01
5.134500000000000000e+03	1.892539978027343750e+01	1.174925789237022400e-01
4.971500000000000000e+03	1.888080024719238281e+01	1.277803033590316772e-01
5.140500000000000000e+03	2.012639999389648438e+01	1.953195780515670776e-01
5.186500000000000000e+03	1.990900039672851562e+01	1.756465286016464233e-01
5.886500000000000000e+03	1.942230033874511719e+01	1.482107788324356079e-01
4.995500000000000000e+03	1.842589950561523438e+01	1.070437803864479065e-01
5.356500000000000000e+03	1.888929939270019531e+01	1.158824115991592407e-01
5.505500000000000000e+03	1.967230033874511719e+01	1.649308055639266968e-01
5.705500000000000000e+03	2.030750083923339844e+01	2.240572422742843628e-01
4.805500000000000000e+03	1.869429969787597656e+01	1.166122108697891235e-01
5.563500000000000000e+03	2.008709907531738281e+01	1.972053647041320801e-01
5.163500000000000000e+03	1.988479995727539062e+01	2.707449197769165039e-01
5.715500000000000000e+03	2.018689918518066406e+01	2.133783251047134399e-01
4.904500000000000000e+03	1.927190017700195312e+01	1.414426416158676147e-01
5.659500000000000000e+03	1.991040039062500000e+01	1.801752895116806030e-01
5.335500000000000000e+03	1.868899917602539062e+01	1.079556196928024292e-01
4.777500000000000000e+03	1.925539970397949219e+01	1.333419680595397949e-01
5.658500000000000000e+03	1.924300003051757812e+01	1.629212945699691772e-01
4.984500000000000000e+03	1.820579910278320312e+01	1.013871207833290100e-01
4.934500000000000000e+03	1.827869987487792969e+01	1.036237701773643494e-01
5.715500000000000000e+03	2.019599914550781250e+01	2.136732041835784912e-01
4.934500000000000000e+03	1.854089927673339844e+01	1.229731068015098572e-01
5.700500000000000000e+03	1.995660018920898438e+01	1.851309090852737427e-01
5.120500000000000000e+03	1.878420066833496094e+01	1.119064986705780029e-01
5.323500000000000000e+03	2.012030029296875000e+01	2.744370400905609131e-01
5.142500000000000000e+03	2.096190071105957031e+01	3.057706356048583984e-01
4.534500000000000000e+03	1.923740005493164062e+01	1.305292695760726929e-01
5.340500000000000000e+03	1.967580032348632812e+01	1.610089242458343506e-01
4.985500000000000000e+03	1.923469924926757812e+01	1.468083262443542480e-01
5.276500000000000000e+03	1.887479972839355469e+01	1.121135652065277100e-01
5.276500000000000000e+03	1.917609977722167969e+01	1.256865561008453369e-01
5.300500000000000000e+03	2.006180000305175781e+01	1.902365237474441528e-01
5.179500000000000000e+03	1.959320068359375000e+01	1.502927094697952271e-01
4.850500000000000000e+03	1.889780044555664062e+01	1.238776296377182007e-01
4.925500000000000000e+03	1.900650024414062500e+01	1.269969940185546875e-01
4.789500000000000000e+03	1.900169944763183594e+01	1.344551742076873779e-01
4.851500000000000000e+03	1.882049942016601562e+01	1.204770803451538086e-01
5.537500000000000000e+03	1.963920021057128906e+01	1.606056392192840576e-01
4.792500000000000000e+03	1.871929931640625000e+01	1.173138394951820374e-01
5.644500000000000000e+03	2.037310028076171875e+01	2.282254546880722046e-01
4.809500000000000000e+03	1.916930007934570312e+01	2.193107903003692627e-01
5.163500000000000000e+03	1.906710052490234375e+01	1.239946335554122925e-01
5.674500000000000000e+03	2.038909912109375000e+01	2.250716686248779297e-01
5.189500000000000000e+03	2.045219993591308594e+01	2.672697901725769043e-01
4.851500000000000000e+03	1.877179908752441406e+01	1.182459816336631775e-01
5.587500000000000000e+03	1.859059906005859375e+01	1.344289779663085938e-01
5.245500000000000000e+03	1.986210060119628906e+01	1.677238345146179199e-01
5.647500000000000000e+03	1.976440048217773438e+01	1.867464780807495117e-01
4.850500000000000000e+03	1.850589942932128906e+01	1.067907437682151794e-01
5.537500000000000000e+03	1.909560012817382812e+01	1.272378414869308472e-01
4.985500000000000000e+03	1.856909942626953125e+01	1.128644570708274841e-01
5.886500000000000000e+03	2.022100067138671875e+01	2.148844897747039795e-01
5.584500000000000000e+03	1.933939933776855469e+01	1.391982436180114746e-01
4.610500000000000000e+03	1.949810028076171875e+01	1.534924060106277466e-01
4.968500000000000000e+03	1.880030059814453125e+01	1.274987906217575073e-01
5.327500000000000000e+03	1.939119911193847656e+01	1.419723033905029297e-01
4.537500000000000000e+03	1.944090080261230469e+01	1.468916386365890503e-01
5.163500000000000000e+03	1.905509948730468750e+01	1.235534325242042542e-01
5.534500000000000000e+03	1.947660064697265625e+01	1.482161581516265869e-01
5.627500000000000000e+03	2.045829963684082031e+01	2.372085452079772949e-01
4.968500000000000000e+03	1.853459930419921875e+01	1.136241629719734192e-01
4.851500000000000000e+03	1.845479965209960938e+01	1.056830659508705139e-01
4.946500000000000000e+03	1.913489913940429688e+01	3.045262992382049561e-01
5.587500000000000000e+03	2.013599967956542969e+01	2.057916522026062012e-01
4.934500000000000000e+03	1.851230049133300781e+01	1.166949719190597534e-01
5.494500000000000000e+03	1.923040008544921875e+01	1.379550993442535400e-01
5.134500000000000000e+03	1.869269943237304688e+01	1.078072637319564819e-01
4.825500000000000000e+03	1.868440055847167969e+01	1.187397688627243042e-01
4.805500000000000000e+03	1.901040077209472656e+01	1.325600147247314453e-01
4.992500000000000000e+03	1.864929962158203125e+01	1.170327886939048767e-01
4.833500000000000000e+03	1.811179924011230469e+01	9.257381409406661987e-02
5.630500000000000000e+03	1.981839942932128906e+01	1.713993400335311890e-01
4.938500000000000000e+03	1.826390075683593750e+01	1.346165984869003296e-01
5.725500000000000000e+03	2.027420043945312500e+01	2.208100855350494385e-01
4.949500000000000000e+03	1.884930038452148438e+01	1.556209325790405273e-01
5.528500000000000000e+03	1.947920036315917969e+01	1.477662771940231323e-01
4.925500000000000000e+03	1.943899917602539062e+01	1.530729532241821289e-01
4.998500000000000000e+03	1.934020042419433594e+01	1.529642045497894287e-01
5.327500000000000000e+03	1.911960029602050781e+01	1.254457086324691772e-01
5.331500000000000000e+03	2.011969947814941406e+01	2.386273592710494995e-01
5.570500000000000000e+03	1.954159927368164062e+01	1.513132154941558838e-01
5.300500000000000000e+03	1.980730056762695312e+01	1.724147200584411621e-01
5.543500000000000000e+03	1.977239990234375000e+01	1.693075597286224365e-01
4.792500000000000000e+03	1.846380043029785156e+01	1.078813299536705017e-01
5.261500000000000000e+03	1.896100044250488281e+01	1.153045147657394409e-01
4.866500000000000000e+03	1.876709938049316406e+01	1.174969524145126343e-01
5.732500000000000000e+03	2.006979942321777344e+01	2.012827843427658081e-01
5.261500000000000000e+03	1.904369926452636719e+01	1.189737617969512939e-01
5.700500000000000000e+03	2.044650077819824219e+01	2.358403950929641724e-01
5.619500000000000000e+03	2.023360061645507812e+01	2.511163949966430664e-01
4.789500000000000000e+03	1.829680061340332031e+01	1.018372476100921631e-01
5.540500000000000000e+03	1.984359931945800781e+01	2.231415212154388428e-01
5.318500000000000000e+03	1.951359939575195312e+01	1.440698653459548950e-01
5.245500000000000000e+03	1.956769943237304688e+01	1.469594538211822510e-01
5.547500000000000000e+03	2.096599960327148438e+01	3.390062153339385986e-01
5.215500000000000000e+03	1.929500007629394531e+01	1.826861500740051270e-01
4.858500000000000000e+03	1.883950042724609375e+01	1.216170117259025574e-01
4.985500000000000000e+03	1.897559928894042969e+01	1.323232054710388184e-01
5.207500000000000000e+03	1.974460029602050781e+01	1.609872281551361084e-01
4.534500000000000000e+03	1.890589904785156250e+01	1.149192973971366882e-01
5.725500000000000000e+03	2.094899940490722656e+01	3.136756718158721924e-01
5.300500000000000000e+03	1.909239959716796875e+01	1.238694787025451660e-01
5.134500000000000000e+03	2.009059906005859375e+01	1.934911161661148071e-01
5.331500000000000000e+03	1.979800033569335938e+01	2.020818740129470825e-01
5.261500000000000000e+03	1.940629959106445312e+01	1.375159025192260742e-01
5.708500000000000000e+03	2.044070053100585938e+01	2.409256845712661743e-01
5.276500000000000000e+03	1.974640083312988281e+01	1.595706045627593994e-01
5.168500000000000000e+03	2.087969970703125000e+01	2.919817268848419189e-01
4.971500000000000000e+03	1.846159934997558594e+01	1.090503334999084473e-01
4.868500000000000000e+03	1.935510063171386719e+01	1.508399993181228638e-01
5.534500000000000000e+03	1.932950019836425781e+01	1.390065252780914307e-01
5.245500000000000000e+03	1.984550094604492188e+01	1.662383526563644409e-01
4.789500000000000000e+03	1.877300071716308594e+01	1.221845000982284546e-01
4.992500000000000000e+03	1.893980026245117188e+01	1.308920085430145264e-01
4.868500000000000000e+03	1.902580070495605469e+01	1.316155940294265747e-01
4.652814025878906250e+02	1.912039947509765625e+01	1.839917898178100586e-01
5.842050781250000000e+02	2.033009910583496094e+01	3.928617537021636963e-01
8.362954101562500000e+02	1.917880058288574219e+01	1.882127672433853149e-01
8.363135986328125000e+02	2.022389984130859375e+01	3.128003776073455811e-01
8.472453613281250000e+02	2.091519927978515625e+01	5.101720690727233887e-01
5.201884765625000000e+02	2.091659927368164062e+01	5.061439871788024902e-01
5.202012939453125000e+02	1.980349922180175781e+01	2.734117507934570312e-01
5.481933593750000000e+02	2.014279937744140625e+01	3.092558979988098145e-01
5.482095947265625000e+02	1.910040092468261719e+01	1.822540462017059326e-01
5.482180786132812500e+02	1.906150054931640625e+01	1.790193915367126465e-01
8.094602050781250000e+02	1.901639938354492188e+01	1.646328866481781006e-01
8.172619018554687500e+02	1.948850059509277344e+01	1.952088326215744019e-01
8.172723388671875000e+02	1.887689971923828125e+01	1.476174294948577881e-01
8.172932128906250000e+02	2.046299934387207031e+01	3.197588026523590088e-01
7.803612060546875000e+02	1.914749908447265625e+01	1.794158965349197388e-01
7.803909912109375000e+02	1.872400093078613281e+01	1.467252075672149658e-01
9.551465454101562500e+02	1.945639991760253906e+01	2.129749655723571777e-01
9.551514282226562500e+02	2.005100059509277344e+01	2.895840406417846680e-01
9.551612548828125000e+02	1.884269905090332031e+01	1.595075577497482300e-01
1.205255859375000000e+03	1.993589973449707031e+01	2.657793760299682617e-01
8.781869506835937500e+02	1.920050048828125000e+01	2.016810625791549683e-01
9.231797485351562500e+02	1.960420036315917969e+01	2.243364155292510986e-01
1.135427856445312500e+03	1.964710044860839844e+01	2.256390154361724854e-01
1.135433471679687500e+03	1.915259933471679688e+01	1.778167784214019775e-01
1.135438964843750000e+03	1.976210021972656250e+01	2.392284423112869263e-01
1.135438964843750000e+03	1.925209999084472656e+01	1.860568523406982422e-01
1.135444458007812500e+03	2.004680061340332031e+01	2.775005698204040527e-01
1.135444458007812500e+03	1.932519912719726562e+01	1.927035152912139893e-01
1.557260253906250000e+03	1.963500022888183594e+01	2.379018217325210571e-01
1.557265136718750000e+03	1.946629905700683594e+01	2.160220444202423096e-01
1.557274780273437500e+03	2.031110000610351562e+01	3.492335677146911621e-01
1.529290771484375000e+03	1.905780029296875000e+01	1.719316840171813965e-01
1.529300659179687500e+03	1.906259918212890625e+01	1.713993400335311890e-01
1.497495605468750000e+03	1.935720062255859375e+01	1.916130334138870239e-01
1.497500610351562500e+03	1.942140007019042969e+01	1.990334540605545044e-01
1.497505859375000000e+03	1.968320083618164062e+01	2.255733311176300049e-01
1.497510986328125000e+03	1.949410057067871094e+01	2.052367031574249268e-01
1.520463256835937500e+03	1.972509956359863281e+01	2.379534244537353516e-01
1.520471191406250000e+03	1.991799926757812500e+01	2.621418833732604980e-01
1.520479248046875000e+03	1.942849922180175781e+01	2.049286514520645142e-01
1.520487426757812500e+03	1.978230094909667969e+01	2.440700680017471313e-01
1.698170288085937500e+03	1.987630081176757812e+01	2.852675020694732666e-01
1.698175781250000000e+03	1.923170089721679688e+01	1.983160376548767090e-01
1.698181762695312500e+03	1.923699951171875000e+01	2.004636228084564209e-01
1.698187255859375000e+03	1.923690032958984375e+01	1.986224800348281860e-01
1.929275634765625000e+03	1.852720069885253906e+01	1.622924059629440308e-01
1.929281372070312500e+03	1.865559959411621094e+01	1.909014284610748291e-01
1.929287109375000000e+03	1.864380073547363281e+01	1.821107715368270874e-01
1.929292968750000000e+03	1.861560058593750000e+01	1.844836920499801636e-01
1.935305664062500000e+03	1.876919937133789062e+01	1.527415364980697632e-01
1.935313354492187500e+03	1.867939949035644531e+01	1.464613378047943115e-01
1.935321044921875000e+03	1.852079963684082031e+01	1.375199854373931885e-01
1.935328613281250000e+03	1.814049911499023438e+01	1.175385341048240662e-01
1.637131958007812500e+03	1.946479988098144531e+01	2.561924159526824951e-01
1.637134643554687500e+03	1.902160072326660156e+01	1.974344998598098755e-01
1.637137207031250000e+03	1.916939926147460938e+01	2.101822793483734131e-01
1.637140014648437500e+03	1.939060020446777344e+01	2.392022013664245605e-01
1.584310424804687500e+03	1.875440025329589844e+01	1.480763852596282959e-01
1.584318481445312500e+03	1.910099983215332031e+01	1.733947992324829102e-01
1.584326538085937500e+03	1.941469955444335938e+01	2.002529948949813843e-01
1.584334594726562500e+03	1.935810089111328125e+01	1.948915868997573853e-01
1.601129516601562500e+03	1.960700035095214844e+01	2.872431278228759766e-01
1.601134399414062500e+03	1.985650062561035156e+01	3.232811391353607178e-01
1.601139282226562500e+03	1.948640060424804688e+01	2.497893422842025757e-01
1.601144042968750000e+03	1.893499946594238281e+01	1.847948133945465088e-01
1.613189697265625000e+03	1.973929977416992188e+01	2.364961057901382446e-01
1.613195800781250000e+03	1.955459976196289062e+01	2.143787145614624023e-01
1.613202026367187500e+03	1.946870040893554688e+01	2.057916671037673950e-01
1.613202026367187500e+03	1.943370056152343750e+01	2.023142725229263306e-01
1.613208129882812500e+03	1.942679977416992188e+01	2.018965631723403931e-01
1.613208129882812500e+03	1.931559944152832031e+01	1.913403123617172241e-01
1.643128173828125000e+03	1.951749992370605469e+01	2.119770050048828125e-01
1.643136352539062500e+03	1.967970085144042969e+01	2.287036031484603882e-01
1.643144409179687500e+03	1.909029960632324219e+01	1.711933314800262451e-01
1.643152587890625000e+03	1.910840034484863281e+01	1.728192567825317383e-01
1.664185058593750000e+03	1.946640014648437500e+01	2.068327516317367554e-01
1.664191162109375000e+03	1.937050056457519531e+01	1.975350081920623779e-01
1.664197143554687500e+03	1.859219932556152344e+01	1.390575617551803589e-01
1.664203125000000000e+03	1.843400001525878906e+01	1.297729015350341797e-01
1.902310546875000000e+03	1.831509971618652344e+01	1.286808103322982788e-01
1.902315429687500000e+03	1.928639984130859375e+01	1.974058151245117188e-01
1.902320190429687500e+03	1.851630020141601562e+01	1.399402618408203125e-01
1.902325073242187500e+03	1.873229980468750000e+01	1.530064791440963745e-01
1.913262451171875000e+03	1.892609977722167969e+01	2.077723890542984009e-01
1.913265747070312500e+03	1.875670051574707031e+01	1.920966655015945435e-01
1.913269165039062500e+03	1.852799987792968750e+01	1.714352518320083618e-01
1.913272583007812500e+03	1.818680000305175781e+01	1.476227343082427979e-01
1.884385742187500000e+03	1.816040039062500000e+01	1.225281283259391785e-01
1.884391967773437500e+03	1.897060012817382812e+01	1.718048602342605591e-01
1.884397949218750000e+03	1.848100090026855469e+01	1.383453458547592163e-01
1.884404052734375000e+03	1.853089904785156250e+01	1.410771161317825317e-01
1.843465942382812500e+03	1.867810058593750000e+01	1.512204706668853760e-01
1.843473876953125000e+03	1.930690002441406250e+01	2.015889286994934082e-01
1.843481689453125000e+03	1.900970077514648438e+01	1.747091114521026611e-01
1.843489624023437500e+03	1.895730018615722656e+01	1.705009192228317261e-01
2.043175537109375000e+03	1.886179924011230469e+01	1.603197306394577026e-01
2.043179565429687500e+03	1.866629981994628906e+01	1.482269316911697388e-01
2.043183593750000000e+03	1.825989913940429688e+01	1.253914833068847656e-01
2.043187622070312500e+03	1.904070091247558594e+01	1.753838956356048584e-01
2.293442626953125000e+03	1.822380065917968750e+01	1.239837333559989929e-01
2.293451904296875000e+03	1.863349914550781250e+01	1.504857242107391357e-01
2.293456542968750000e+03	1.828580093383789062e+01	1.360721588134765625e-01
1.998088623046875000e+03	1.839959907531738281e+01	1.333383470773696899e-01
1.998093261718750000e+03	1.839439964294433594e+01	1.364782303571701050e-01
1.998097778320312500e+03	1.833329963684082031e+01	1.290589421987533569e-01
1.998102416992187500e+03	1.836540031433105469e+01	1.315363347530364990e-01
1.956313842773437500e+03	1.832999992370605469e+01	1.259757131338119507e-01
1.956317382812500000e+03	1.863439941406250000e+01	1.428277939558029175e-01
1.956320922851562500e+03	1.852779960632324219e+01	1.449882984161376953e-01
1.956324340820312500e+03	1.785700035095214844e+01	1.284698098897933960e-01
2.024134887695312500e+03	1.826889991760253906e+01	1.234970465302467346e-01
2.024138916015625000e+03	1.839209938049316406e+01	1.299103498458862305e-01
2.024142822265625000e+03	1.824580001831054688e+01	1.221870705485343933e-01
2.024146850585937500e+03	1.854500007629394531e+01	1.377861797809600830e-01
2.262364257812500000e+03	1.881259918212890625e+01	1.591380834579467773e-01
2.262375976562500000e+03	1.831839942932128906e+01	1.283820420503616333e-01
2.262381835937500000e+03	1.829479980468750000e+01	1.270871013402938843e-01
2.431153808593750000e+03	1.862330055236816406e+01	1.270390152931213379e-01
2.431159179687500000e+03	1.859760093688964844e+01	1.257614791393280029e-01
2.431164794921875000e+03	1.864920043945312500e+01	1.283538788557052612e-01
2.431170166015625000e+03	1.915990066528320312e+01	1.591936647891998291e-01
2.354176513671875000e+03	1.899329948425292969e+01	1.480066776275634766e-01
2.354182861328125000e+03	1.859530067443847656e+01	1.256491690874099731e-01
2.354188964843750000e+03	1.895879936218261719e+01	1.458320468664169312e-01
2.354195312500000000e+03	1.867090034484863281e+01	1.294705718755722046e-01
2.369128662109375000e+03	1.906609916687011719e+01	1.758223474025726318e-01
2.369132812500000000e+03	1.896839904785156250e+01	1.681002974510192871e-01
2.369136718750000000e+03	1.915719985961914062e+01	1.834703385829925537e-01
2.369142822265625000e+03	1.878969955444335938e+01	1.551677584648132324e-01
2.314367431640625000e+03	1.857589912414550781e+01	1.807090193033218384e-01
2.314373291015625000e+03	1.828639984130859375e+01	1.457306593656539917e-01
2.314379150390625000e+03	1.834900093078613281e+01	1.384665966033935547e-01
2.314385009765625000e+03	1.844650077819824219e+01	1.373043507337570190e-01
2.320309570312500000e+03	1.843460083007812500e+01	1.342237293720245361e-01
2.320316162109375000e+03	1.830590057373046875e+01	1.273256093263626099e-01
2.320322753906250000e+03	1.882320022583007812e+01	1.585174947977066040e-01
2.320329345703125000e+03	1.876930046081542969e+01	1.545749306678771973e-01
2.342254882812500000e+03	1.826869964599609375e+01	1.255630403757095337e-01
2.342260253906250000e+03	1.833090019226074219e+01	1.288963556289672852e-01
2.342265380859375000e+03	1.873859977722167969e+01	1.523590981960296631e-01
2.342270507812500000e+03	1.858029937744140625e+01	1.438472121953964233e-01
2.387150634765625000e+03	1.889870071411132812e+01	2.001329511404037476e-01
2.387155761718750000e+03	1.837269973754882812e+01	1.567648798227310181e-01
2.387160644531250000e+03	1.886280059814453125e+01	1.966929435729980469e-01
2.387165771484375000e+03	1.810320091247558594e+01	1.396235227584838867e-01
2.445187500000000000e+03	1.908359909057617188e+01	1.946581602096557617e-01
2.445198242187500000e+03	1.920820045471191406e+01	2.067994326353073120e-01
2.619393798828125000e+03	1.895280075073242188e+01	1.669221073389053345e-01
2.619398925781250000e+03	1.866850090026855469e+01	1.467200070619583130e-01
2.619404052734375000e+03	1.909770011901855469e+01	1.776240319013595581e-01
2.619408935546875000e+03	1.846039962768554688e+01	1.344589293003082275e-01
2.601415039062500000e+03	1.828650093078613281e+01	1.764325648546218872e-01
2.601421630859375000e+03	1.889439964294433594e+01	2.367752194404602051e-01
2.601428466796875000e+03	1.920759963989257812e+01	2.785720527172088623e-01
2.601435058593750000e+03	1.909429931640625000e+01	2.584834098815917969e-01
2.601435058593750000e+03	2.006010055541992188e+01	4.387452602386474609e-01
2.646491210937500000e+03	1.861540031433105469e+01	1.433008164167404175e-01
2.646497070312500000e+03	1.827879905700683594e+01	1.243483424186706543e-01
2.646502929687500000e+03	1.840909957885742188e+01	1.308582574129104614e-01
2.646509033203125000e+03	1.924559974670410156e+01	1.900334656238555908e-01
2.674298583984375000e+03	1.890369987487792969e+01	1.427057534456253052e-01
2.674304687500000000e+03	1.861160087585449219e+01	1.264970302581787109e-01
2.674310791015625000e+03	1.887669944763183594e+01	1.412662118673324585e-01
2.674316894531250000e+03	1.894980049133300781e+01	1.457914561033248901e-01
2.680242431640625000e+03	1.867639923095703125e+01	1.477503031492233276e-01
2.680249511718750000e+03	1.864069938659667969e+01	1.456497311592102051e-01
2.680256103515625000e+03	1.926280021667480469e+01	1.917955577373504639e-01
2.680263183593750000e+03	1.879870033264160156e+01	1.550282835960388184e-01
2.690245361328125000e+03	1.899410057067871094e+01	1.696790456771850586e-01
2.690250488281250000e+03	1.811030006408691406e+01	1.175977364182472229e-01
2.690255615234375000e+03	1.917329978942871094e+01	1.853055506944656372e-01
2.690260742187500000e+03	1.842040061950683594e+01	1.328198909759521484e-01
2.696200683593750000e+03	1.858839988708496094e+01	1.421520411968231201e-01
2.696205322265625000e+03	1.897240066528320312e+01	1.690500229597091675e-01
2.696209716796875000e+03	1.860899925231933594e+01	1.435778439044952393e-01
2.696214355468750000e+03	1.851110076904296875e+01	1.380999237298965454e-01
2.727182617187500000e+03	1.898979949951171875e+01	1.724421977996826172e-01
2.727190917968750000e+03	1.847920036315917969e+01	1.380419284105300903e-01
2.727198974609375000e+03	1.903720092773437500e+01	1.760282367467880249e-01
2.727207031250000000e+03	1.848819923400878906e+01	1.382411569356918335e-01
2.735116699218750000e+03	1.895940017700195312e+01	1.699398756027221680e-01
2.735121826171875000e+03	1.895809936523437500e+01	1.697397828102111816e-01
2.735126953125000000e+03	1.839319992065429688e+01	1.323478817939758301e-01
2.735132080078125000e+03	1.891440010070800781e+01	1.664327383041381836e-01
2.759160156250000000e+03	1.848089981079101562e+01	1.365059912204742432e-01
2.759165283203125000e+03	1.926799964904785156e+01	1.943710744380950928e-01
2.759170166015625000e+03	1.899600028991699219e+01	1.703864485025405884e-01
2.759175292968750000e+03	1.885770034790039062e+01	1.601490229368209839e-01
2.770121093750000000e+03	1.965229988098144531e+01	2.362432479858398438e-01
2.770127929687500000e+03	1.874040031433105469e+01	1.537313163280487061e-01
2.770141845703125000e+03	1.951289939880371094e+01	2.212208509445190430e-01
2.770141845703125000e+03	1.921019935607910156e+01	1.907729804515838623e-01
2.796166015625000000e+03	1.902210044860839844e+01	1.765514910221099854e-01
2.796173583984375000e+03	1.930080032348632812e+01	2.017887234687805176e-01
2.796173583984375000e+03	1.972719955444335938e+01	2.499690651893615723e-01
2.796180908203125000e+03	1.895910072326660156e+01	1.728008091449737549e-01
2.796188232421875000e+03	1.853149986267089844e+01	1.429077982902526855e-01
2.961418457031250000e+03	1.941839981079101562e+01	2.156597673892974854e-01
2.961426757812500000e+03	1.899869918823242188e+01	1.754518598318099976e-01
2.961434814453125000e+03	1.906959915161132812e+01	1.760970503091812134e-01
2.961442626953125000e+03	1.935190010070800781e+01	2.074688822031021118e-01
2.977381591796875000e+03	1.865970039367675781e+01	1.503266990184783936e-01
2.977388671875000000e+03	1.833119964599609375e+01	1.308784931898117065e-01
2.977395507812500000e+03	1.830870056152343750e+01	1.297141760587692261e-01
2.977402343750000000e+03	1.921339988708496094e+01	1.931293904781341553e-01
2.997332275390625000e+03	1.902799987792968750e+01	1.838325560092926025e-01
2.997339111328125000e+03	1.881800079345703125e+01	1.637348085641860962e-01
2.997345947265625000e+03	1.909539985656738281e+01	1.988423019647598267e-01
2.997352783203125000e+03	1.826390075683593750e+01	1.434390991926193237e-01
3.023382568359375000e+03	1.844869995117187500e+01	1.193376928567886353e-01
3.023390625000000000e+03	1.863109970092773438e+01	1.280859857797622681e-01
3.023398925781250000e+03	1.895649909973144531e+01	1.467563509941101074e-01
3.023407226562500000e+03	1.831049919128417969e+01	1.135616004467010498e-01
3.050197021484375000e+03	1.868269920349121094e+01	1.559687703847885132e-01
3.050201171875000000e+03	1.901869964599609375e+01	1.746134310960769653e-01
3.050205078125000000e+03	1.832719993591308594e+01	1.294317692518234253e-01
3.050208984375000000e+03	1.897170066833496094e+01	1.709614694118499756e-01
3.057151367187500000e+03	1.900040054321289062e+01	1.512494236230850220e-01
3.057158203125000000e+03	1.913529968261718750e+01	1.602058559656143188e-01
3.057165039062500000e+03	1.861179924011230469e+01	1.282383501529693604e-01
3.057171875000000000e+03	1.816780090332031250e+01	1.084634959697723389e-01
3.076138671875000000e+03	1.890110015869140625e+01	1.664570868015289307e-01
3.076143798828125000e+03	1.880439949035644531e+01	1.584012359380722046e-01
3.076148925781250000e+03	1.839710044860839844e+01	1.337250024080276489e-01
3.076154052734375000e+03	1.833419990539550781e+01	1.385462433099746704e-01
3.089137451171875000e+03	1.861300086975097656e+01	1.507082283496856689e-01
3.089143066406250000e+03	1.884009933471679688e+01	1.726165860891342163e-01
3.089148437500000000e+03	1.834589958190917969e+01	1.380253732204437256e-01
3.089154296875000000e+03	1.833110046386718750e+01	1.367728263139724731e-01
3.116193847656250000e+03	1.870149993896484375e+01	1.513596624135971069e-01
3.116198730468750000e+03	1.822579956054687500e+01	1.245614141225814819e-01
3.116203857421875000e+03	1.866970062255859375e+01	1.493132114410400391e-01
3.116208984375000000e+03	1.850079917907714844e+01	1.395242959260940552e-01
3.125181640625000000e+03	1.900659942626953125e+01	1.789674460887908936e-01
3.125187011718750000e+03	1.786050033569335938e+01	1.112413182854652405e-01
3.125192626953125000e+03	1.853569984436035156e+01	1.449039131402969360e-01
3.125198242187500000e+03	1.962870025634765625e+01	2.425780892372131348e-01
2.707343505859375000e+03	1.889360046386718750e+01	1.718591749668121338e-01
2.707349121093750000e+03	1.859230041503906250e+01	1.455488055944442749e-01
2.707354980468750000e+03	1.841160011291503906e+01	1.407551467418670654e-01
2.707360595703125000e+03	1.832169914245605469e+01	1.392794847488403320e-01
3.149203613281250000e+03	1.839769935607910156e+01	1.350139081478118896e-01
3.149210937500000000e+03	1.849769973754882812e+01	1.409694850444793701e-01
3.149218261718750000e+03	1.892989921569824219e+01	1.711575984954833984e-01
3.149225585937500000e+03	1.845330047607421875e+01	1.391854286193847656e-01
3.292455810546875000e+03	1.901840019226074219e+01	1.983451694250106812e-01
3.292460937500000000e+03	1.834420013427734375e+01	1.454783082008361816e-01
3.292466064453125000e+03	1.874320030212402344e+01	1.726257801055908203e-01
3.292471191406250000e+03	1.829990005493164062e+01	1.411085724830627441e-01
3.319456054687500000e+03	1.834900093078613281e+01	1.307807564735412598e-01
3.319463378906250000e+03	1.885339927673339844e+01	1.610161513090133667e-01
3.319470947265625000e+03	1.875880050659179688e+01	1.544248610734939575e-01
3.319478271484375000e+03	1.884560012817382812e+01	1.600285172462463379e-01
3.339401611328125000e+03	1.837619972229003906e+01	1.339753270149230957e-01
3.339404785156250000e+03	1.900009918212890625e+01	1.754810065031051636e-01
3.339407958984375000e+03	1.893029975891113281e+01	1.697137355804443359e-01
3.339410888671875000e+03	1.913339996337890625e+01	1.866747587919235229e-01
3.375384033203125000e+03	1.872419929504394531e+01	1.536392718553543091e-01
3.375390625000000000e+03	1.867090034484863281e+01	1.488292962312698364e-01
3.375397460937500000e+03	1.832789993286132812e+01	1.292930692434310913e-01
3.375404296875000000e+03	1.874309921264648438e+01	1.540024578571319580e-01
3.391229736328125000e+03	1.837579917907714844e+01	1.340307891368865967e-01
3.391234619140625000e+03	1.841600036621093750e+01	1.360212415456771851e-01
3.391239746093750000e+03	1.824629974365234375e+01	1.269790083169937134e-01
3.391244628906250000e+03	1.836190032958984375e+01	1.328592151403427124e-01
3.400477539062500000e+03	1.943440055847167969e+01	2.127377390861511230e-01
3.400482421875000000e+03	1.841500091552734375e+01	1.344439536333084106e-01
3.400487548828125000e+03	1.841810035705566406e+01	1.347863227128982544e-01
3.400492431640625000e+03	1.849889945983886719e+01	1.392623633146286011e-01
3.410253173828125000e+03	1.841029930114746094e+01	1.349454820156097412e-01
3.410259765625000000e+03	1.830870056152343750e+01	1.291645765304565430e-01
3.410266357421875000e+03	1.845980072021484375e+01	1.373936980962753296e-01
3.410272949218750000e+03	1.825690078735351562e+01	1.263174116611480713e-01
3.418173828125000000e+03	1.811000061035156250e+01	1.208849772810935974e-01
3.418178710937500000e+03	1.854380035400390625e+01	1.440456062555313110e-01
3.418183837890625000e+03	1.809289932250976562e+01	1.197890639305114746e-01
3.418188964843750000e+03	1.897260093688964844e+01	1.739014089107513428e-01
3.447189208984375000e+03	1.882130050659179688e+01	1.634595245122909546e-01
3.447200195312500000e+03	1.887269973754882812e+01	1.659563034772872925e-01
3.447206298828125000e+03	1.832749938964843750e+01	1.381248086690902710e-01
3.447212402343750000e+03	1.839949989318847656e+01	1.395329087972640991e-01
3.478185058593750000e+03	1.871310043334960938e+01	1.535107493400573730e-01
3.478191162109375000e+03	1.880970001220703125e+01	1.597743332386016846e-01
3.478197265625000000e+03	1.868919944763183594e+01	1.516160815954208374e-01
3.478203369140625000e+03	1.812070083618164062e+01	1.201946437358856201e-01
3.500118164062500000e+03	1.831640052795410156e+01	1.315328925848007202e-01
3.500125488281250000e+03	1.825919914245605469e+01	1.288201212882995605e-01
3.500132812500000000e+03	1.869989967346191406e+01	1.545248478651046753e-01
3.500140136718750000e+03	1.847960090637207031e+01	1.404933333396911621e-01
3.538182373046875000e+03	1.894280052185058594e+01	2.018811404705047607e-01
3.538187255859375000e+03	1.903109931945800781e+01	2.022987604141235352e-01
3.538192382812500000e+03	1.879490089416503906e+01	1.710148751735687256e-01
3.538197509765625000e+03	1.883399963378906250e+01	1.801222115755081177e-01
3.709365722656250000e+03	1.889909934997558594e+01	1.629062294960021973e-01
3.709370605468750000e+03	1.876829910278320312e+01	1.537190377712249756e-01
3.709375732421875000e+03	1.896850013732910156e+01	1.681002974510192871e-01
3.709380615234375000e+03	1.899279975891113281e+01	1.699747592210769653e-01
3.735330322265625000e+03	1.829330062866210938e+01	1.261621713638305664e-01
3.735334960937500000e+03	1.869840049743652344e+01	1.491200625896453857e-01
3.735339355468750000e+03	1.902359962463378906e+01	1.724055707454681396e-01
3.735343994140625000e+03	1.877050018310546875e+01	1.538728326559066772e-01
3.741366943359375000e+03	1.856170082092285156e+01	1.406928598880767822e-01
3.741374755859375000e+03	1.838599967956542969e+01	1.309021413326263428e-01
3.741382568359375000e+03	1.894039916992187500e+01	1.659723818302154541e-01
3.741390625000000000e+03	1.897179985046386719e+01	1.683613508939743042e-01
3.743217773437500000e+03	1.900130081176757812e+01	1.706421673297882080e-01
3.743221679687500000e+03	1.850830078125000000e+01	1.375975906848907471e-01
3.743225830078125000e+03	1.866510009765625000e+01	1.469960212707519531e-01
3.743229980468750000e+03	1.835490036010742188e+01	1.292801946401596069e-01
3.753431640625000000e+03	1.878470039367675781e+01	1.548325121402740479e-01
3.753435546875000000e+03	1.842149925231933594e+01	1.327913254499435425e-01
3.753439697265625000e+03	1.887619972229003906e+01	1.612409800291061401e-01
3.753443603515625000e+03	1.877569961547851562e+01	1.542193591594696045e-01
3.771416748046875000e+03	1.877289962768554688e+01	1.540271788835525513e-01
3.771421630859375000e+03	1.921400070190429688e+01	1.884588003158569336e-01
3.771426757812500000e+03	1.887420082092285156e+01	1.610958129167556763e-01
3.771431884765625000e+03	1.882970046997070312e+01	1.579323858022689819e-01
3.793182617187500000e+03	1.830830001831054688e+01	1.269071400165557861e-01
3.793187011718750000e+03	1.823460006713867188e+01	1.233018487691879272e-01
3.793191650390625000e+03	1.888870048522949219e+01	1.621439158916473389e-01
3.793196044921875000e+03	1.897960090637207031e+01	1.689559370279312134e-01
3.811326904296875000e+03	1.893919944763183594e+01	1.658840328454971313e-01
3.811330810546875000e+03	1.858709907531738281e+01	1.422075182199478149e-01
3.811334960937500000e+03	1.830800056457519531e+01	1.268921941518783569e-01
3.811338867187500000e+03	1.869090080261230469e+01	1.486384123563766479e-01
3.817262939453125000e+03	1.893250083923339844e+01	1.653812229633331299e-01
3.817267333984375000e+03	1.860460090637207031e+01	1.432627588510513306e-01
3.817271972656250000e+03	1.886310005187988281e+01	1.602983474731445312e-01
3.817276611328125000e+03	1.829599952697753906e+01	1.262939274311065674e-01
3.826193359375000000e+03	1.893650054931640625e+01	1.656758934259414673e-01
3.826196533203125000e+03	1.908569908142089844e+01	1.774218976497650146e-01
3.826199462890625000e+03	1.845249938964843750e+01	1.344814151525497437e-01
3.826202392578125000e+03	1.826169967651367188e+01	1.246114373207092285e-01
3.858154052734375000e+03	1.883699989318847656e+01	1.574282646179199219e-01
3.858157958984375000e+03	1.914529991149902344e+01	1.813456565141677856e-01
3.858162109375000000e+03	1.957519912719726562e+01	2.235234230756759644e-01
3.858166259765625000e+03	1.882169914245605469e+01	1.567188054323196411e-01
4.047482666015625000e+03	1.939150047302246094e+01	2.076204717159271240e-01
4.047487304687500000e+03	1.908020019531250000e+01	1.787187755107879639e-01
4.047491943359375000e+03	1.893499946594238281e+01	1.670863330364227295e-01
4.080446777343750000e+03	1.932999992370605469e+01	1.991956681013107300e-01
4.080452880859375000e+03	1.889419937133789062e+01	1.625160425901412964e-01
4.080458984375000000e+03	1.974510002136230469e+01	2.452217191457748413e-01
4.080465332031250000e+03	1.921400070190429688e+01	1.882864534854888916e-01
4.086433593750000000e+03	1.940290069580078125e+01	2.050257772207260132e-01
4.086441894531250000e+03	1.931830024719238281e+01	1.963819116353988647e-01
4.086450439453125000e+03	1.862199974060058594e+01	1.431203931570053101e-01
4.086458984375000000e+03	1.919269943237304688e+01	1.846563220024108887e-01
4.095428466796875000e+03	1.882740020751953125e+01	1.695059090852737427e-01
4.095433105468750000e+03	1.928100013732910156e+01	2.044613212347030640e-01
4.095437744140625000e+03	1.840449905395507812e+01	1.329380124807357788e-01
4.095442138671875000e+03	1.941850090026855469e+01	2.061697989702224731e-01
4.110317871093750000e+03	1.863750076293945312e+01	1.455387175083160400e-01
4.110324218750000000e+03	1.930850028991699219e+01	1.971624940633773804e-01
4.110330078125000000e+03	1.849469947814941406e+01	1.367688179016113281e-01
4.110336425781250000e+03	1.909140014648437500e+01	1.776645481586456299e-01
4.116439941406250000e+03	1.940959930419921875e+01	2.337350696325302124e-01
4.116443359375000000e+03	1.903619956970214844e+01	1.930226385593414307e-01
4.125365722656250000e+03	1.918269920349121094e+01	1.845296770334243774e-01
4.125371582031250000e+03	1.931010055541992188e+01	1.962973624467849731e-01
4.125377441406250000e+03	1.937680053710937500e+01	2.025631219148635864e-01
4.125383789062500000e+03	1.879640007019042969e+01	1.547443866729736328e-01
4.136413574218750000e+03	1.930389976501464844e+01	1.969343870878219604e-01
4.136418457031250000e+03	1.831859970092773438e+01	1.275658905506134033e-01
4.136423828125000000e+03	1.887170028686523438e+01	1.611320674419403076e-01
4.136428710937500000e+03	1.959020042419433594e+01	2.271217405796051025e-01
4.152264160156250000e+03	1.952389907836914062e+01	2.184540778398513794e-01
4.152269042968750000e+03	1.943569946289062500e+01	2.090868949890136719e-01
4.152274414062500000e+03	1.923189926147460938e+01	1.894159764051437378e-01
4.152279296875000000e+03	1.843630027770996094e+01	1.330205798149108887e-01
4.169172363281250000e+03	1.921380043029785156e+01	1.896546334028244019e-01
4.169178222656250000e+03	1.920630073547363281e+01	1.889416128396987915e-01
4.169184570312500000e+03	1.851379966735839844e+01	1.385042965412139893e-01
4.169190429687500000e+03	1.952910041809082031e+01	2.209330648183822632e-01
4.175225097656250000e+03	1.917239952087402344e+01	1.847139894962310791e-01
4.175230957031250000e+03	1.883270072937011719e+01	1.577569842338562012e-01
4.175237304687500000e+03	1.872209930419921875e+01	1.505084931850433350e-01
4.175243164062500000e+03	1.955750083923339844e+01	2.225514650344848633e-01
4.196157714843750000e+03	1.952499961853027344e+01	2.227616310119628906e-01
4.196163574218750000e+03	1.914340019226074219e+01	1.847832500934600830e-01
4.196169921875000000e+03	1.887919998168945312e+01	1.634976714849472046e-01
4.196175781250000000e+03	1.964340019226074219e+01	2.362685054540634155e-01
4.203191406250000000e+03	1.966930007934570312e+01	2.415987402200698853e-01
4.203191406250000000e+03	1.941370010375976562e+01	2.124106585979461670e-01
4.203195800781250000e+03	1.931329917907714844e+01	2.056279480457305908e-01
4.203200195312500000e+03	1.877809906005859375e+01	1.709347814321517944e-01
4.203204589843750000e+03	1.904780006408691406e+01	2.177448421716690063e-01
4.217230468750000000e+03	1.891300010681152344e+01	1.662545353174209595e-01
4.217234863281250000e+03	1.877930068969726562e+01	1.567385494709014893e-01
4.232117187500000000e+03	1.927190017700195312e+01	1.935449093580245972e-01
4.232125000000000000e+03	1.928009986877441406e+01	1.945486366748809814e-01
4.232131347656250000e+03	1.873419952392578125e+01	1.512726098299026489e-01
4.232137207031250000e+03	1.974830055236816406e+01	2.449957132339477539e-01
4.232137207031250000e+03	1.946619987487792969e+01	2.124832123517990112e-01
5.494500000000000000e+03	1.879549980163574219e+01	1.160770878195762634e-01
4.938500000000000000e+03	1.893289947509765625e+01	1.238342002034187317e-01
5.291500000000000000e+03	1.866360092163085938e+01	1.050017699599266052e-01
4.891500000000000000e+03	1.912389945983886719e+01	1.326736956834793091e-01
4.956500000000000000e+03	1.870989990234375000e+01	1.222745478153228760e-01
5.712500000000000000e+03	2.038129997253417969e+01	2.335398793220520020e-01
4.786500000000000000e+03	1.867849922180175781e+01	1.152197793126106262e-01
5.258500000000000000e+03	1.889620018005371094e+01	1.127081438899040222e-01
5.659500000000000000e+03	1.974440002441406250e+01	1.667502522468566895e-01
5.708500000000000000e+03	2.086280059814453125e+01	3.010875582695007324e-01
4.956500000000000000e+03	1.896120071411132812e+01	1.323443502187728882e-01
5.351500000000000000e+03	1.968670082092285156e+01	1.618704497814178467e-01
5.540500000000000000e+03	1.925419998168945312e+01	1.490980386734008789e-01
5.540500000000000000e+03	1.851199913024902344e+01	1.166737228631973267e-01
4.968500000000000000e+03	1.886849975585937500e+01	1.262294352054595947e-01
5.630500000000000000e+03	2.028149986267089844e+01	2.138026207685470581e-01
5.335500000000000000e+03	1.914500045776367188e+01	1.276423037052154541e-01
4.925500000000000000e+03	1.858889961242675781e+01	1.090964302420616150e-01
4.786500000000000000e+03	1.892219924926757812e+01	1.263761818408966064e-01
5.892500000000000000e+03	2.137030029296875000e+01	4.271626174449920654e-01
5.584500000000000000e+03	2.014299964904785156e+01	2.096583992242813110e-01
5.323500000000000000e+03	1.915730094909667969e+01	2.461321353912353516e-01
4.858500000000000000e+03	1.899430084228515625e+01	1.284792274236679077e-01
5.528500000000000000e+03	1.860650062561035156e+01	1.048122718930244446e-01
5.735500000000000000e+03	2.132769966125488281e+01	4.042693376541137695e-01
4.992500000000000000e+03	1.844379997253417969e+01	1.087818518280982971e-01
4.858500000000000000e+03	1.844129943847656250e+01	1.048109456896781921e-01
5.896500000000000000e+03	1.943250083923339844e+01	1.496910601854324341e-01
4.610500000000000000e+03	1.925429916381835938e+01	1.377081722021102905e-01
4.777500000000000000e+03	1.900029945373535156e+01	1.204649507999420166e-01
5.360500000000000000e+03	1.942040061950683594e+01	1.447011381387710571e-01
5.331500000000000000e+03	1.916370010375976562e+01	1.357094347476959229e-01
4.809500000000000000e+03	1.921479988098144531e+01	2.402051836252212524e-01
5.335500000000000000e+03	1.943359947204589844e+01	1.430304795503616333e-01
4.883500000000000000e+03	1.860140037536621094e+01	1.392025053501129150e-01
5.245500000000000000e+03	1.888479995727539062e+01	1.122861877083778381e-01
5.505500000000000000e+03	1.985680007934570312e+01	1.788947880268096924e-01
5.705500000000000000e+03	1.960079956054687500e+01	1.600851863622665405e-01
4.964500000000000000e+03	1.835770034790039062e+01	1.054674014449119568e-01
5.903500000000000000e+03	1.977149963378906250e+01	1.755588352680206299e-01
4.850500000000000000e+03	1.864570045471191406e+01	1.201730296015739441e-01
4.971500000000000000e+03	1.935630035400390625e+01	1.560334861278533936e-01
5.120500000000000000e+03	1.973629951477050781e+01	1.641120910644531250e-01
5.712500000000000000e+03	2.022629928588867188e+01	2.153372466564178467e-01
4.904500000000000000e+03	1.925779914855957031e+01	1.404182314872741699e-01
4.964500000000000000e+03	1.865279960632324219e+01	1.165170222520828247e-01
5.163500000000000000e+03	2.048710060119628906e+01	2.394649088382720947e-01
4.862500000000000000e+03	1.885400009155273438e+01	1.698440760374069214e-01
4.792500000000000000e+03	1.812879943847656250e+01	9.587449580430984497e-02
5.543500000000000000e+03	1.887039947509765625e+01	1.166673526167869568e-01
5.207500000000000000e+03	1.999720001220703125e+01	1.812372207641601562e-01
5.627500000000000000e+03	1.927249908447265625e+01	1.363199800252914429e-01
4.537500000000000000e+03	1.877980041503906250e+01	1.110841408371925354e-01
5.258500000000000000e+03	1.947870063781738281e+01	1.418896317481994629e-01
5.633500000000000000e+03	1.942490005493164062e+01	1.444111615419387817e-01
4.789500000000000000e+03	1.890029907226562500e+01	1.277250200510025024e-01
5.715500000000000000e+03	1.995499992370605469e+01	1.898058652877807617e-01
5.347500000000000000e+03	1.959160041809082031e+01	1.562151908874511719e-01
5.291500000000000000e+03	1.884819984436035156e+01	1.113020330667495728e-01
5.514500000000000000e+03	1.884819984436035156e+01	1.178512647747993469e-01
5.360500000000000000e+03	1.885390090942382812e+01	1.353465169668197632e-01
5.868500000000000000e+03	1.978479957580566406e+01	1.841286271810531616e-01
5.531500000000000000e+03	2.037019920349121094e+01	2.273456305265426636e-01
4.858500000000000000e+03	1.868460083007812500e+01	1.140451058745384216e-01
5.189500000000000000e+03	1.891449928283691406e+01	1.303227841854095459e-01
4.894500000000000000e+03	1.913590049743652344e+01	1.334837377071380615e-01
5.659500000000000000e+03	2.017070007324218750e+01	2.039814293384552002e-01
5.868500000000000000e+03	1.923209953308105469e+01	1.440650224685668945e-01
4.829500000000000000e+03	1.865080070495605469e+01	2.361423373222351074e-01
5.347500000000000000e+03	1.923250007629394531e+01	1.338057816028594971e-01
5.644500000000000000e+03	2.068569946289062500e+01	2.624885439872741699e-01
5.168500000000000000e+03	2.017130088806152344e+01	2.033156007528305054e-01
4.974500000000000000e+03	1.846590042114257812e+01	1.087865605950355530e-01
5.179500000000000000e+03	1.979490089416503906e+01	1.640811711549758911e-01
4.974500000000000000e+03	1.895289993286132812e+01	1.305994987487792969e-01
5.514500000000000000e+03	1.914410018920898438e+01	1.318857520818710327e-01
5.722500000000000000e+03	2.040250015258789062e+01	2.395438849925994873e-01
4.792500000000000000e+03	1.887199974060058594e+01	1.239537671208381653e-01
4.934500000000000000e+03	1.901149940490722656e+01	1.444846838712692261e-01
4.610500000000000000e+03	1.934469985961914062e+01	1.434629708528518677e-01
4.891500000000000000e+03	1.850550079345703125e+01	1.058617681264877319e-01
5.619500000000000000e+03	1.925219917297363281e+01	2.063679695129394531e-01
4.992500000000000000e+03	1.845339965820312500e+01	1.087206676602363586e-01
5.134500000000000000e+03	1.906900024414062500e+01	1.238287761807441711e-01
5.291500000000000000e+03	1.908419990539550781e+01	1.287947446107864380e-01
4.978500000000000000e+03	1.859600067138671875e+01	1.366292089223861694e-01
5.587500000000000000e+03	1.957749938964843750e+01	1.832451373338699341e-01
5.718500000000000000e+03	2.063949966430664062e+01	2.698352634906768799e-01
5.684500000000000000e+03	1.963689994812011719e+01	1.605196744203567505e-01
5.684500000000000000e+03	1.987879943847656250e+01	1.785536259412765503e-01
4.974500000000000000e+03	1.860540008544921875e+01	1.141533181071281433e-01
4.968500000000000000e+03	1.862140083312988281e+01	1.195413470268249512e-01
