5.007500000000000000e+03	1.953160095214843750e+01	1.610958129167556763e-01
5.043500000000000000e+03	1.938909912109375000e+01	1.490210741758346558e-01
4.968500000000000000e+03	1.951169967651367188e+01	1.592632234096527100e-01
5.718500000000000000e+03	1.928260040283203125e+01	1.372597515583038330e-01
4.971500000000000000e+03	1.967020034790039062e+01	1.695750951766967773e-01
5.399500000000000000e+03	2.002420043945312500e+01	1.874082982540130615e-01
5.367500000000000000e+03	1.988150024414062500e+01	1.711933314800262451e-01
5.570500000000000000e+03	2.062719917297363281e+01	2.560633122920989990e-01
5.360500000000000000e+03	1.961120033264160156e+01	1.630496084690093994e-01
4.949500000000000000e+03	1.884830093383789062e+01	1.268563270568847656e-01
5.747500000000000000e+03	1.947620010375976562e+01	1.494073420763015747e-01
5.223500000000000000e+03	1.981819915771484375e+01	1.640194058418273926e-01
5.705500000000000000e+03	1.977980041503906250e+01	1.700009256601333618e-01
5.253500000000000000e+03	1.926709938049316406e+01	1.280859857797622681e-01
5.011500000000000000e+03	1.926919937133789062e+01	1.427995860576629639e-01
5.693500000000000000e+03	2.014130020141601562e+01	1.995659023523330688e-01
4.904500000000000000e+03	1.977109909057617188e+01	1.726717799901962280e-01
4.978500000000000000e+03	1.912870025634765625e+01	1.354966461658477783e-01
5.725500000000000000e+03	1.947220039367675781e+01	1.469698995351791382e-01
5.310500000000000000e+03	1.951079940795898438e+01	1.451127231121063232e-01
5.261500000000000000e+03	1.925589942932128906e+01	1.446567624807357788e-01
5.743500000000000000e+03	1.939760017395019531e+01	1.432294994592666626e-01
5.388500000000000000e+03	2.137050056457519531e+01	3.638237714767456055e-01
5.425500000000000000e+03	1.992040061950683594e+01	1.816394925117492676e-01
4.866500000000000000e+03	1.899410057067871094e+01	1.253145933151245117e-01
4.964500000000000000e+03	2.079360008239746094e+01	2.954676151275634766e-01
4.534500000000000000e+03	1.956240081787109375e+01	1.471950858831405640e-01
5.327500000000000000e+03	1.930019950866699219e+01	1.322915256023406982e-01
5.276500000000000000e+03	1.966419982910156250e+01	1.527355313301086426e-01
5.392500000000000000e+03	2.142799949645996094e+01	4.388955533504486084e-01
5.223500000000000000e+03	1.919849967956542969e+01	1.264704614877700806e-01
5.627500000000000000e+03	1.969070053100585938e+01	1.617821007966995239e-01
5.042500000000000000e+03	1.985499954223632812e+01	1.812047362327575684e-01
5.747500000000000000e+03	1.951539993286132812e+01	1.517742127180099487e-01
4.992500000000000000e+03	2.024399948120117188e+01	2.223628312349319458e-01
5.200500000000000000e+03	1.930579948425292969e+01	1.310307383537292480e-01
5.245500000000000000e+03	1.962120056152343750e+01	1.481139659881591797e-01
5.761500000000000000e+03	1.948749923706054688e+01	1.482323259115219116e-01
5.276500000000000000e+03	1.999209976196289062e+01	1.766508072614669800e-01
4.998500000000000000e+03	1.953380012512207031e+01	1.588750183582305908e-01
4.551500000000000000e+03	1.987089920043945312e+01	1.706510186195373535e-01
5.633500000000000000e+03	1.948609924316406250e+01	1.486819535493850708e-01
5.300500000000000000e+03	1.991970062255859375e+01	2.811346352100372314e-01
4.974500000000000000e+03	1.958359909057617188e+01	1.633453071117401123e-01
4.584500000000000000e+03	1.923170089721679688e+01	1.390192806720733643e-01
5.347500000000000000e+03	2.039699935913085938e+01	2.206260263919830322e-01
4.904500000000000000e+03	1.983460044860839844e+01	1.775835454463958740e-01
4.581500000000000000e+03	1.936930084228515625e+01	1.412752419710159302e-01
5.747500000000000000e+03	1.931220054626464844e+01	1.392281502485275269e-01
5.318500000000000000e+03	1.985009956359863281e+01	1.975206434726715088e-01
4.968500000000000000e+03	1.920820045471191406e+01	1.453577429056167603e-01
5.258500000000000000e+03	1.992869949340820312e+01	1.723598092794418335e-01
4.984500000000000000e+03	1.971590042114257812e+01	2.820760309696197510e-01
5.051500000000000000e+03	1.985589981079101562e+01	1.869502216577529907e-01
5.761500000000000000e+03	1.922229957580566406e+01	1.329738944768905640e-01
4.956500000000000000e+03	1.994350051879882812e+01	1.944256573915481567e-01
4.868500000000000000e+03	1.898710060119628906e+01	1.270270049571990967e-01
5.043500000000000000e+03	2.053429985046386719e+01	2.573629617691040039e-01
5.630500000000000000e+03	1.939249992370605469e+01	1.423372775316238403e-01
4.964500000000000000e+03	2.087220001220703125e+01	3.076373338699340820e-01
5.276500000000000000e+03	1.985059928894042969e+01	1.655562072992324829e-01
5.754500000000000000e+03	2.019799995422363281e+01	2.159074246883392334e-01
5.761500000000000000e+03	1.969750022888183594e+01	1.633757352828979492e-01
5.715500000000000000e+03	1.932239913940429688e+01	1.392495334148406982e-01
4.851500000000000000e+03	1.990110015869140625e+01	1.904785931110382080e-01
5.296500000000000000e+03	1.935840034484863281e+01	1.340566873550415039e-01
4.534500000000000000e+03	1.920949935913085938e+01	1.272922903299331665e-01
5.223500000000000000e+03	1.989669990539550781e+01	1.699573099613189697e-01
4.938500000000000000e+03	1.937070083618164062e+01	1.463943570852279663e-01
4.534500000000000000e+03	1.997500038146972656e+01	1.764919906854629517e-01
5.627500000000000000e+03	1.976589965820312500e+01	1.669302880764007568e-01
5.388500000000000000e+03	1.985930061340332031e+01	1.681675314903259277e-01
5.718500000000000000e+03	1.929039955139160156e+01	1.372881233692169189e-01
5.570500000000000000e+03	1.995100021362304688e+01	1.821548044681549072e-01
5.739500000000000000e+03	1.975889968872070312e+01	1.703776568174362183e-01
5.351500000000000000e+03	1.971139907836914062e+01	1.595285534858703613e-01
4.581500000000000000e+03	1.947249984741210938e+01	1.477077305316925049e-01
5.042500000000000000e+03	2.058839988708496094e+01	2.617966234683990479e-01
4.894500000000000000e+03	1.942029953002929688e+01	1.490485519170761108e-01
5.367500000000000000e+03	2.045429992675781250e+01	2.259023636579513550e-01
4.568500000000000000e+03	1.929789924621582031e+01	1.532609015703201294e-01
4.998500000000000000e+03	1.955349922180175781e+01	1.603624969720840454e-01
4.551500000000000000e+03	1.923970031738281250e+01	1.300747096538543701e-01
5.323500000000000000e+03	1.969230079650878906e+01	1.573414653539657593e-01
5.619500000000000000e+03	1.995199966430664062e+01	1.802816092967987061e-01
4.581500000000000000e+03	1.910630035400390625e+01	1.276637315750122070e-01
4.581500000000000000e+03	1.946120071411132812e+01	1.471898406744003296e-01
4.964500000000000000e+03	1.968280029296875000e+01	1.706952452659606934e-01
5.406500000000000000e+03	2.018149948120117188e+01	1.993138939142227173e-01
5.570500000000000000e+03	1.991500091552734375e+01	1.782044023275375366e-01
4.938500000000000000e+03	1.929920005798339844e+01	1.414698511362075806e-01
5.039500000000000000e+03	1.961030006408691406e+01	1.672758758068084717e-01
5.743500000000000000e+03	1.999360084533691406e+01	1.882741749286651611e-01
5.708500000000000000e+03	1.980069923400878906e+01	1.709169894456863403e-01
5.032500000000000000e+03	1.929210090637207031e+01	1.442986875772476196e-01
4.897500000000000000e+03	1.936289978027343750e+01	1.452125459909439087e-01
5.200500000000000000e+03	1.945310020446777344e+01	1.386849880218505859e-01
5.722500000000000000e+03	1.984239959716796875e+01	1.751032769680023193e-01
4.956500000000000000e+03	1.891830062866210938e+01	1.234113276004791260e-01
5.633500000000000000e+03	1.930200004577636719e+01	1.382078826427459717e-01
5.792500000000000000e+03	1.954840087890625000e+01	1.629137545824050903e-01
5.754500000000000000e+03	1.985610008239746094e+01	1.817050129175186157e-01
5.296500000000000000e+03	1.929920005798339844e+01	1.309900730848312378e-01
4.981500000000000000e+03	1.826569938659667969e+01	1.548829525709152222e-01
5.245500000000000000e+03	1.946389961242675781e+01	1.385924369096755981e-01
5.043500000000000000e+03	1.935810089111328125e+01	1.464716494083404541e-01
5.380500000000000000e+03	2.022470092773437500e+01	1.997146308422088623e-01
5.708500000000000000e+03	1.886409950256347656e+01	1.157485991716384888e-01
5.258500000000000000e+03	1.880270004272460938e+01	1.085551455616950989e-01
5.258500000000000000e+03	1.988590049743652344e+01	1.690243482589721680e-01
5.380500000000000000e+03	1.971660041809082031e+01	1.577233225107192993e-01
4.551500000000000000e+03	1.917270088195800781e+01	1.265886873006820679e-01
4.868500000000000000e+03	1.881769943237304688e+01	1.200388967990875244e-01
5.732500000000000000e+03	1.943250083923339844e+01	1.472055912017822266e-01
4.995500000000000000e+03	1.952770042419433594e+01	1.599294841289520264e-01
5.335500000000000000e+03	1.950209999084472656e+01	1.436546146869659424e-01
5.735500000000000000e+03	1.936540031433105469e+01	1.425700783729553223e-01
5.042500000000000000e+03	1.980349922180175781e+01	1.772909164428710938e-01
4.886500000000000000e+03	1.959449958801269531e+01	1.638961285352706909e-01
4.560500000000000000e+03	1.937179946899414062e+01	1.369652003049850464e-01
5.380500000000000000e+03	2.020100021362304688e+01	1.974488496780395508e-01
5.406500000000000000e+03	2.171669960021972656e+01	4.522065818309783936e-01
4.560500000000000000e+03	1.908690071105957031e+01	1.220742315053939819e-01
5.384500000000000000e+03	1.991320037841796875e+01	1.723689585924148560e-01
5.340500000000000000e+03	1.964220046997070312e+01	1.531759202480316162e-01
5.732500000000000000e+03	1.945459938049316406e+01	1.487037539482116699e-01
5.710500000000000000e+03	1.959490013122558594e+01	1.594026833772659302e-01
4.974500000000000000e+03	1.973609924316406250e+01	1.753741800785064697e-01
5.712500000000000000e+03	1.968359947204589844e+01	1.629665493965148926e-01
5.340500000000000000e+03	1.959860038757324219e+01	1.505540609359741211e-01
4.884500000000000000e+03	1.988979911804199219e+01	2.177056521177291870e-01
5.647500000000000000e+03	1.984609985351562500e+01	1.733294874429702759e-01
5.300500000000000000e+03	2.006579971313476562e+01	2.880172431468963623e-01
5.310500000000000000e+03	2.004960060119628906e+01	1.838552802801132202e-01
4.978500000000000000e+03	1.986420059204101562e+01	1.873236298561096191e-01
5.420500000000000000e+03	2.168470001220703125e+01	4.530242681503295898e-01
5.331500000000000000e+03	1.940279960632324219e+01	1.416746079921722412e-01
5.392500000000000000e+03	1.929210090637207031e+01	1.591797620058059692e-01
5.409500000000000000e+03	1.978160095214843750e+01	1.656918674707412720e-01
5.708500000000000000e+03	1.940719985961914062e+01	1.435443162918090820e-01
4.992500000000000000e+03	2.067519950866699219e+01	2.770509123802185059e-01
5.624500000000000000e+03	1.981760025024414062e+01	1.716152131557464600e-01
5.718500000000000000e+03	1.962919998168945312e+01	1.593607962131500244e-01
4.862500000000000000e+03	1.922030067443847656e+01	1.443915814161300659e-01
5.022500000000000000e+03	1.945470046997070312e+01	1.553778052330017090e-01
4.685500000000000000e+03	1.922240066528320312e+01	1.357404887676239014e-01
5.795500000000000000e+03	1.955800056457519531e+01	1.661576032638549805e-01
5.647500000000000000e+03	1.919160079956054688e+01	1.308548748493194580e-01
5.351500000000000000e+03	1.956380081176757812e+01	1.497916728258132935e-01
4.978500000000000000e+03	1.997750091552734375e+01	1.983305960893630981e-01
5.253500000000000000e+03	2.067989921569824219e+01	2.451934218406677246e-01
4.985500000000000000e+03	2.005279922485351562e+01	2.009325623512268066e-01
5.367500000000000000e+03	2.159339904785156250e+01	4.159934222698211670e-01
5.261500000000000000e+03	2.042040061950683594e+01	2.516654431819915771e-01
5.291500000000000000e+03	1.932270050048828125e+01	1.318648904561996460e-01
5.335500000000000000e+03	1.988610076904296875e+01	1.704480499029159546e-01
5.351500000000000000e+03	1.970639991760253906e+01	1.592214703559875488e-01
5.007500000000000000e+03	1.905369949340820312e+01	1.312860101461410522e-01
5.792500000000000000e+03	1.963430023193359375e+01	1.690072417259216309e-01
5.039500000000000000e+03	1.928319931030273438e+01	1.449684202671051025e-01
5.693500000000000000e+03	1.972270011901855469e+01	1.638499796390533447e-01
5.619500000000000000e+03	2.013159942626953125e+01	2.257047593593597412e-01
4.964500000000000000e+03	1.938879966735839844e+01	1.480441987514495850e-01
5.406500000000000000e+03	1.998320007324218750e+01	1.808916926383972168e-01
5.384500000000000000e+03	1.991430091857910156e+01	1.724513620138168335e-01
4.685500000000000000e+03	1.958849906921386719e+01	1.589371860027313232e-01
5.743500000000000000e+03	1.949130058288574219e+01	1.491641253232955933e-01
4.858500000000000000e+03	1.989340019226074219e+01	1.927300542593002319e-01
5.360500000000000000e+03	1.998320007324218750e+01	1.799844354391098022e-01
4.845500000000000000e+03	1.987579917907714844e+01	1.865077316761016846e-01
4.611500000000000000e+03	1.998049926757812500e+01	1.836964488029479980e-01
5.323500000000000000e+03	1.988120079040527344e+01	1.833463609218597412e-01
4.858500000000000000e+03	1.869169998168945312e+01	1.141978949308395386e-01
5.700500000000000000e+03	2.010440063476562500e+01	1.958484053611755371e-01
4.611500000000000000e+03	1.920840072631835938e+01	1.310036182403564453e-01
4.851500000000000000e+03	1.902379989624023438e+01	1.303327530622482300e-01
4.568500000000000000e+03	1.871319961547851562e+01	1.183494701981544495e-01
4.968500000000000000e+03	1.969659996032714844e+01	1.716242283582687378e-01
5.630500000000000000e+03	1.997150039672851562e+01	1.845987141132354736e-01
4.891500000000000000e+03	2.070129966735839844e+01	4.578476548194885254e-01
5.409500000000000000e+03	2.124029922485351562e+01	3.476515114307403564e-01
5.207500000000000000e+03	2.024939918518066406e+01	2.271440923213958740e-01
5.351500000000000000e+03	1.983180046081542969e+01	1.686407476663589478e-01
5.735500000000000000e+03	1.967149925231933594e+01	1.631706953048706055e-01
5.575500000000000000e+03	2.068000030517578125e+01	4.270231127738952637e-01
5.384500000000000000e+03	2.079960060119628906e+01	2.671233117580413818e-01
4.886500000000000000e+03	1.941080093383789062e+01	1.567582935094833374e-01
5.318500000000000000e+03	1.991500091552734375e+01	1.822871565818786621e-01
5.722500000000000000e+03	1.947900009155273438e+01	1.487801223993301392e-01
5.710500000000000000e+03	1.952090072631835938e+01	1.729208976030349731e-01
4.862500000000000000e+03	1.985040092468261719e+01	1.869742423295974731e-01
5.705500000000000000e+03	1.960190010070800781e+01	1.564630120992660522e-01
4.611500000000000000e+03	1.958849906921386719e+01	1.537006050348281860e-01
5.722500000000000000e+03	1.960989952087402344e+01	1.576359421014785767e-01
4.858500000000000000e+03	1.917250061035156250e+01	1.372921764850616455e-01
4.568500000000000000e+03	1.931340026855468750e+01	1.431488245725631714e-01
5.356500000000000000e+03	1.970960044860839844e+01	1.571086049079895020e-01
4.949500000000000000e+03	1.940889930725097656e+01	1.508399993181228638e-01
4.904500000000000000e+03	1.953100013732910156e+01	1.552058756351470947e-01
4.560500000000000000e+03	1.933279991149902344e+01	1.347070187330245972e-01
5.725500000000000000e+03	2.003759956359863281e+01	1.898942738771438599e-01
5.739500000000000000e+03	1.925740051269531250e+01	1.368728876113891602e-01
4.998500000000000000e+03	1.903829956054687500e+01	1.287155747413635254e-01
4.934500000000000000e+03	2.066489982604980469e+01	3.418947160243988037e-01
5.327500000000000000e+03	1.993630027770996094e+01	1.742704361677169800e-01
5.619500000000000000e+03	1.953919982910156250e+01	1.534130722284317017e-01
5.011500000000000000e+03	1.949970054626464844e+01	1.587578207254409790e-01
5.007500000000000000e+03	1.997319984436035156e+01	1.973771303892135620e-01
4.974500000000000000e+03	1.926000022888183594e+01	1.416107863187789917e-01
4.862500000000000000e+03	2.015589904785156250e+01	2.194713354110717773e-01
5.323500000000000000e+03	1.967490005493164062e+01	1.660286784172058105e-01
5.715500000000000000e+03	1.914310073852539062e+01	1.295223981142044067e-01
5.659500000000000000e+03	1.963249969482421875e+01	1.885451525449752808e-01
5.732500000000000000e+03	1.938190078735351562e+01	1.443622261285781860e-01
4.884500000000000000e+03	1.913660049438476562e+01	1.422075182199478149e-01
5.340500000000000000e+03	2.019230079650878906e+01	1.974631994962692261e-01
5.700500000000000000e+03	1.937829971313476562e+01	1.407284438610076904e-01
5.296500000000000000e+03	1.956509971618652344e+01	1.478249132633209229e-01
4.897500000000000000e+03	1.971299934387207031e+01	1.694454550743103027e-01
5.028500000000000000e+03	1.972249984741210938e+01	1.891658157110214233e-01
5.223500000000000000e+03	1.915640068054199219e+01	1.239755600690841675e-01
5.039500000000000000e+03	1.880130004882812500e+01	1.194475367665290833e-01
5.700500000000000000e+03	1.917530059814453125e+01	1.298513710498809814e-01
5.630500000000000000e+03	1.939319992065429688e+01	1.425560563802719116e-01
4.925500000000000000e+03	1.899780082702636719e+01	1.252492368221282959e-01
5.253500000000000000e+03	1.930480003356933594e+01	1.301439851522445679e-01
5.715500000000000000e+03	1.968639945983886719e+01	1.628760993480682373e-01
5.022500000000000000e+03	2.138599967956542969e+01	4.219477772712707520e-01
4.992500000000000000e+03	1.985370063781738281e+01	1.834364980459213257e-01
5.245500000000000000e+03	1.910989952087402344e+01	1.205013468861579895e-01
5.647500000000000000e+03	2.003240013122558594e+01	1.892782598733901978e-01
5.420500000000000000e+03	2.007869911193847656e+01	1.931962072849273682e-01
4.949500000000000000e+03	1.967650032043457031e+01	1.736662387847900391e-01
4.534500000000000000e+03	1.954170036315917969e+01	1.460764408111572266e-01
4.897500000000000000e+03	2.029940032958984375e+01	2.233534306287765503e-01
4.992500000000000000e+03	1.947610092163085938e+01	1.544498354196548462e-01
5.327500000000000000e+03	1.949119949340820312e+01	1.430872380733489990e-01
4.866500000000000000e+03	1.969029998779296875e+01	1.686407476663589478e-01
5.409500000000000000e+03	2.002239990234375000e+01	1.850960403680801392e-01
5.245500000000000000e+03	1.914060020446777344e+01	1.218727007508277893e-01
5.028500000000000000e+03	2.025760078430175781e+01	2.447703331708908081e-01
5.725500000000000000e+03	1.898600006103515625e+01	1.203632950782775879e-01
5.739500000000000000e+03	1.923640060424804688e+01	1.357443779706954956e-01
4.971500000000000000e+03	1.930730056762695312e+01	1.455689668655395508e-01
5.409500000000000000e+03	1.983510017395019531e+01	1.701057702302932739e-01
5.624500000000000000e+03	1.937409973144531250e+01	1.413882672786712646e-01
4.611500000000000000e+03	1.938209915161132812e+01	1.406750828027725220e-01
5.347500000000000000e+03	2.013590049743652344e+01	2.238005101680755615e-01
5.710500000000000000e+03	2.011389923095703125e+01	2.495503276586532593e-01
5.413500000000000000e+03	2.056730079650878906e+01	2.522489726543426514e-01
4.974500000000000000e+03	1.923670005798339844e+01	1.402026116847991943e-01
4.968500000000000000e+03	1.963610076904296875e+01	1.671439409255981445e-01
5.732500000000000000e+03	1.915780067443847656e+01	1.311156153678894043e-01
5.011500000000000000e+03	1.941519927978515625e+01	1.526156663894653320e-01
4.868500000000000000e+03	1.990690040588378906e+01	1.897554099559783936e-01
5.627500000000000000e+03	1.953759956359863281e+01	1.510528624057769775e-01
5.425500000000000000e+03	2.018639945983886719e+01	2.061368227005004883e-01
5.735500000000000000e+03	1.995940017700195312e+01	1.859741806983947754e-01
5.708500000000000000e+03	1.962689971923828125e+01	1.578243523836135864e-01
5.022500000000000000e+03	1.920700073242187500e+01	1.483132243156433105e-01
5.792500000000000000e+03	1.969429969787597656e+01	1.729856878519058228e-01
5.318500000000000000e+03	1.994969940185546875e+01	1.765713393688201904e-01
5.575500000000000000e+03	1.984569931030273438e+01	1.974631994962692261e-01
5.028500000000000000e+03	1.897960090637207031e+01	1.351893842220306396e-01
4.949500000000000000e+03	1.937549972534179688e+01	1.611828505992889404e-01
4.981500000000000000e+03	2.010650062561035156e+01	2.577567398548126221e-01
5.712500000000000000e+03	1.988599967956542969e+01	1.786361336708068848e-01
5.032500000000000000e+03	1.938509941101074219e+01	1.508801877498626709e-01
5.795500000000000000e+03	1.915800094604492188e+01	1.393094658851623535e-01
5.310500000000000000e+03	2.152560043334960938e+01	3.995507359504699707e-01
5.276500000000000000e+03	1.951709938049316406e+01	1.431772708892822266e-01
5.715500000000000000e+03	1.905229949951171875e+01	1.253544390201568604e-01
5.200500000000000000e+03	1.894280052185058594e+01	1.137726455926895142e-01
4.894500000000000000e+03	1.960860061645507812e+01	1.622998416423797607e-01
4.925500000000000000e+03	1.947060012817382812e+01	1.536331474781036377e-01
5.647500000000000000e+03	1.945459938049316406e+01	1.459082663059234619e-01
5.722500000000000000e+03	1.994379997253417969e+01	1.841628849506378174e-01
4.568500000000000000e+03	1.931299972534179688e+01	1.951121091842651367e-01
4.851500000000000000e+03	1.997839927673339844e+01	1.987689435482025146e-01
5.406500000000000000e+03	1.965159988403320312e+01	1.556915640830993652e-01
5.028500000000000000e+03	1.920229911804199219e+01	1.484809070825576782e-01
4.866500000000000000e+03	1.973469924926757812e+01	1.715341508388519287e-01
5.310500000000000000e+03	1.972290039062500000e+01	1.593329012393951416e-01
4.978500000000000000e+03	1.936210060119628906e+01	1.495740115642547607e-01
5.747500000000000000e+03	1.916480064392089844e+01	1.309156417846679688e-01
4.685500000000000000e+03	1.920989990234375000e+01	1.349986940622329712e-01
5.207500000000000000e+03	1.881609916687011719e+01	1.164053305983543396e-01
5.051500000000000000e+03	1.981920051574707031e+01	1.844377517700195312e-01
5.710500000000000000e+03	1.983609962463378906e+01	1.869982630014419556e-01
5.718500000000000000e+03	1.958889961242675781e+01	1.558396220207214355e-01
5.039500000000000000e+03	1.977309989929199219e+01	1.794577986001968384e-01
5.384500000000000000e+03	1.952599906921386719e+01	1.451775729656219482e-01
5.712500000000000000e+03	2.010230064392089844e+01	1.993434876203536987e-01
5.022500000000000000e+03	2.023060035705566406e+01	2.226774990558624268e-01
5.627500000000000000e+03	2.083480072021484375e+01	2.835493385791778564e-01
4.884500000000000000e+03	1.922520065307617188e+01	1.588543057441711426e-01
4.851500000000000000e+03	2.011680030822753906e+01	2.104105800390243530e-01
5.754500000000000000e+03	2.076049995422363281e+01	2.858470380306243896e-01
5.327500000000000000e+03	1.945940017700195312e+01	1.412256062030792236e-01
5.795500000000000000e+03	1.923670005798339844e+01	1.537989377975463867e-01
4.995500000000000000e+03	1.915600013732910156e+01	1.366889774799346924e-01
5.042500000000000000e+03	1.968059921264648438e+01	1.677155047655105591e-01
5.014500000000000000e+03	1.971479988098144531e+01	1.710594296455383301e-01
5.725500000000000000e+03	2.001749992370605469e+01	1.874809563159942627e-01
4.971500000000000000e+03	1.955069923400878906e+01	1.607348769903182983e-01
5.388500000000000000e+03	2.001689910888671875e+01	1.808701604604721069e-01
5.331500000000000000e+03	1.936359977722167969e+01	1.363120973110198975e-01
4.551500000000000000e+03	2.015640068054199219e+01	1.947267204523086548e-01
5.735500000000000000e+03	1.954030036926269531e+01	1.535841375589370728e-01
5.014500000000000000e+03	1.965340042114257812e+01	1.672428548336029053e-01
4.891500000000000000e+03	1.921680068969726562e+01	2.153561711311340332e-01
5.705500000000000000e+03	1.964419937133789062e+01	1.595425754785537720e-01
5.413500000000000000e+03	2.040780067443847656e+01	2.335642576217651367e-01
5.291500000000000000e+03	1.992679977416992188e+01	1.714083105325698853e-01
4.985500000000000000e+03	2.000329971313476562e+01	1.961988657712936401e-01
5.331500000000000000e+03	1.964579963684082031e+01	1.537558883428573608e-01
4.894500000000000000e+03	1.955690002441406250e+01	1.588198244571685791e-01
4.584500000000000000e+03	1.944650077819824219e+01	1.491696387529373169e-01
5.335500000000000000e+03	1.940180015563964844e+01	1.377040743827819824e-01
4.904500000000000000e+03	1.978610038757324219e+01	1.741660833358764648e-01
4.971500000000000000e+03	1.938059997558593750e+01	1.492192745208740234e-01
2.772028808593750000e+02	2.013890075683593750e+01	3.015047311782836914e-01
2.772192687988281250e+02	2.025209999084472656e+01	3.222001194953918457e-01
2.851911621093750000e+02	1.948349952697753906e+01	2.121573537588119507e-01
5.852023925781250000e+02	1.915500068664550781e+01	2.100771665573120117e-01
6.053541259765625000e+02	1.968420028686523438e+01	2.491634190082550049e-01
6.053618164062500000e+02	2.010919952392578125e+01	3.122785687446594238e-01
6.062674560546875000e+02	2.102840042114257812e+01	5.122187733650207520e-01
6.062750244140625000e+02	2.119239997863769531e+01	5.648336410522460938e-01
6.062824707031250000e+02	2.078260040283203125e+01	4.458070099353790283e-01
5.473791503906250000e+02	2.040539932250976562e+01	3.491539955139160156e-01
5.473861083984375000e+02	2.007220077514648438e+01	2.897234857082366943e-01
5.473930664062500000e+02	2.043099975585937500e+01	3.522965013980865479e-01
5.474000244140625000e+02	2.021579933166503906e+01	3.138515651226043701e-01
9.603618164062500000e+02	2.084589958190917969e+01	4.318378269672393799e-01
9.603759155273437500e+02	2.041640090942382812e+01	3.402567505836486816e-01
9.073383789062500000e+02	2.073990058898925781e+01	3.983947634696960449e-01
9.073491821289062500e+02	2.040819931030273438e+01	3.326663672924041748e-01
9.073600463867187500e+02	2.044820022583007812e+01	3.348361253738403320e-01
9.073712158203125000e+02	2.049259948730468750e+01	3.423453271389007568e-01
1.024242553710937500e+03	2.071509933471679688e+01	4.311204254627227783e-01
9.195162353515625000e+02	2.084040069580078125e+01	4.301215410232543945e-01
9.283002929687500000e+02	1.991189956665039062e+01	2.621765136718750000e-01
9.283084106445312500e+02	2.060869979858398438e+01	3.799651265144348145e-01
9.283247680664062500e+02	2.027039909362792969e+01	3.129748702049255371e-01
9.912672729492187500e+02	1.953809928894042969e+01	2.255076766014099121e-01
1.311427734375000000e+03	2.086459922790527344e+01	4.360642731189727783e-01
1.311442871093750000e+03	2.024690055847167969e+01	3.111851811408996582e-01
1.319256103515625000e+03	2.078050041198730469e+01	4.096421301364898682e-01
1.319269165039062500e+03	2.113019943237304688e+01	4.996169209480285645e-01
1.259334228515625000e+03	2.073310089111328125e+01	3.986252248287200928e-01
1.259342895507812500e+03	2.073719978332519531e+01	4.064436256885528564e-01
1.379190307617187500e+03	2.029899978637695312e+01	3.173092901706695557e-01
1.379195434570312500e+03	2.057410049438476562e+01	3.701400458812713623e-01
1.286515014648437500e+03	2.008629989624023438e+01	2.789458036422729492e-01
1.286526367187500000e+03	1.985479927062988281e+01	2.507221102714538574e-01
1.344433837890625000e+03	2.055170059204101562e+01	3.886075019836425781e-01
1.344438720703125000e+03	2.045750045776367188e+01	3.697654604911804199e-01
1.694322265625000000e+03	2.026029968261718750e+01	3.108992874622344971e-01
1.694329711914062500e+03	1.971170043945312500e+01	2.324512451887130737e-01
1.694335083007812500e+03	2.003949928283691406e+01	2.730204463005065918e-01
1.694340576171875000e+03	1.979450035095214844e+01	2.405245900154113770e-01
1.627504028320312500e+03	2.022620010375976562e+01	3.364722132682800293e-01
1.627518920898437500e+03	2.059510040283203125e+01	4.141877293586730957e-01
1.613366943359375000e+03	1.951399993896484375e+01	2.058080583810806274e-01
1.613376098632812500e+03	1.966029930114746094e+01	2.235659807920455933e-01
1.613385253906250000e+03	2.003910064697265625e+01	2.700240314006805420e-01
1.613394531250000000e+03	2.029540061950683594e+01	3.080257773399353027e-01
1.642391967773437500e+03	2.064509963989257812e+01	3.680005669593811035e-01
1.642399169921875000e+03	1.985530090332031250e+01	2.405512630939483643e-01
1.642406494140625000e+03	2.008609962463378906e+01	2.711266577243804932e-01
1.642413818359375000e+03	1.976840019226074219e+01	2.324272245168685913e-01
1.657457031250000000e+03	1.997620010375976562e+01	2.617277204990386963e-01
1.657462646484375000e+03	2.058569908142089844e+01	3.643610179424285889e-01
1.657473754882812500e+03	1.934760093688964844e+01	1.925578415393829346e-01
1.665433837890625000e+03	1.970980072021484375e+01	2.273008078336715698e-01
1.665445434570312500e+03	1.990710067749023438e+01	2.502092719078063965e-01
1.665456909179687500e+03	2.078070068359375000e+01	4.085270762443542480e-01
1.719332397460937500e+03	1.987660026550292969e+01	2.758353948593139648e-01
1.719341552734375000e+03	2.046089935302734375e+01	3.829234540462493896e-01
1.719359863281250000e+03	2.034709930419921875e+01	3.596910238265991211e-01
2.048247314453125000e+03	2.097130012512207031e+01	4.654403328895568848e-01
2.048252929687500000e+03	2.031559944152832031e+01	3.194496333599090576e-01
2.048258789062500000e+03	1.979509925842285156e+01	2.424686700105667114e-01
2.048264648437500000e+03	2.053389930725097656e+01	3.639131784439086914e-01
2.110242187500000000e+03	2.060610008239746094e+01	3.966780900955200195e-01
2.110246826171875000e+03	1.973089981079101562e+01	2.443214654922485352e-01
2.025393066406250000e+03	2.069829940795898438e+01	3.950942456722259521e-01
2.025398925781250000e+03	2.063319969177246094e+01	3.827173709869384766e-01
2.025404663085937500e+03	2.100740051269531250e+01	4.665023982524871826e-01
2.025410400390625000e+03	2.022480010986328125e+01	3.052278161048889160e-01
2.026295166015625000e+03	2.068589973449707031e+01	3.931944072246551514e-01
2.026300903320312500e+03	2.104759979248046875e+01	4.848362505435943604e-01
2.026312622070312500e+03	2.076810073852539062e+01	4.149589538574218750e-01
2.027358154296875000e+03	2.028190040588378906e+01	3.204419910907745361e-01
2.027366943359375000e+03	2.031329917907714844e+01	3.198207318782806396e-01
2.027375244140625000e+03	2.029660034179687500e+01	3.188953101634979248e-01
2.072385253906250000e+03	2.031439971923828125e+01	3.281108438968658447e-01
2.072394531250000000e+03	2.029400062561035156e+01	3.188338875770568848e-01
2.082287841796875000e+03	2.015530014038085938e+01	2.983150184154510498e-01
2.082291259765625000e+03	2.073819923400878906e+01	5.022004246711730957e-01
2.084321044921875000e+03	2.122820091247558594e+01	5.428613424301147461e-01
2.084326904296875000e+03	1.924900054931640625e+01	1.874082982540130615e-01
2.084332519531250000e+03	1.971689987182617188e+01	2.369278818368911743e-01
2.410334472656250000e+03	2.034900093078613281e+01	3.382766842842102051e-01
2.410341552734375000e+03	2.016640090942382812e+01	3.062615692615509033e-01
2.410348632812500000e+03	2.015570068359375000e+01	3.045262992382049561e-01
2.429215332031250000e+03	2.023439979553222656e+01	3.177340626716613770e-01
2.429232421875000000e+03	2.058769989013671875e+01	3.862635493278503418e-01
2.366512939453125000e+03	2.084440040588378906e+01	5.138259530067443848e-01
2.381461669921875000e+03	2.134449958801269531e+01	5.974738001823425293e-01
2.436264892578125000e+03	2.012730026245117188e+01	2.998975515365600586e-01
2.851979980468750000e+02	1.967950057983398438e+01	2.362180054187774658e-01
2.852067260742187500e+02	2.002980041503906250e+01	2.834184169769287109e-01
2.754256103515625000e+03	2.052759933471679688e+01	3.692055642604827881e-01
2.754264648437500000e+03	2.091589927673339844e+01	4.626398980617523193e-01
2.790357421875000000e+03	1.979789924621582031e+01	2.519413530826568604e-01
2.790363525390625000e+03	2.055260086059570312e+01	3.802681863307952881e-01
3.061509033203125000e+03	2.039189910888671875e+01	3.883927762508392334e-01
3.061518310546875000e+03	2.015489959716796875e+01	3.105002939701080322e-01
3.061521728515625000e+03	1.953479957580566406e+01	2.169652283191680908e-01
3.065370117187500000e+03	1.993180084228515625e+01	2.710883915424346924e-01
3.065381591796875000e+03	1.974090003967285156e+01	2.478087544441223145e-01
3.104501953125000000e+03	2.051539993286132812e+01	3.657139837741851807e-01
3.104507568359375000e+03	2.019709968566894531e+01	3.065901398658752441e-01
3.104518798828125000e+03	1.956080055236816406e+01	2.192306518554687500e-01
3.122416015625000000e+03	1.863260078430175781e+01	2.051879614591598511e-01
3.148249511718750000e+03	1.979269981384277344e+01	2.475172132253646851e-01
3.148256835937500000e+03	2.002090072631835938e+01	2.791540920734405518e-01
3.148264160156250000e+03	2.023130035400390625e+01	3.152691423892974854e-01
3.170306396484375000e+03	2.014879989624023438e+01	3.030841350555419922e-01
3.170313964843750000e+03	2.033880043029785156e+01	3.376239240169525146e-01
3.170321289062500000e+03	2.019659996032714844e+01	3.095374405384063721e-01
3.170328857421875000e+03	1.952630043029785156e+01	2.202390134334564209e-01
3.202262695312500000e+03	1.936919975280761719e+01	2.155267745256423950e-01
3.202268310546875000e+03	2.074760055541992188e+01	4.499383270740509033e-01
3.202273925781250000e+03	2.070809936523437500e+01	4.382953345775604248e-01
3.213249755859375000e+03	2.044709968566894531e+01	3.680928647518157959e-01
3.420420166015625000e+03	1.855550003051757812e+01	1.474849730730056763e-01
3.420426757812500000e+03	1.921599960327148438e+01	1.899195462465286255e-01
3.460495605468750000e+03	1.964019966125488281e+01	2.305304855108261108e-01
3.460500000000000000e+03	2.029199981689453125e+01	3.645406067371368408e-01
3.460504638671875000e+03	1.992049980163574219e+01	2.751935422420501709e-01
3.460509033203125000e+03	2.042029953002929688e+01	3.438596427440643311e-01
3.478371582031250000e+03	2.060499954223632812e+01	3.854209184646606445e-01
3.478381591796875000e+03	1.980710029602050781e+01	2.499690651893615723e-01
3.478392089843750000e+03	1.952459907531738281e+01	2.168683856725692749e-01
3.478402832031250000e+03	1.924119949340820312e+01	1.895414590835571289e-01
3.493404052734375000e+03	2.013360023498535156e+01	3.068097531795501709e-01
3.493410644531250000e+03	2.007089996337890625e+01	2.985686361789703369e-01
3.493417236328125000e+03	2.027260017395019531e+01	3.311506807804107666e-01
3.493423828125000000e+03	2.084729957580566406e+01	4.593732655048370361e-01
3.499374267578125000e+03	2.002280044555664062e+01	2.822481989860534668e-01
3.499379394531250000e+03	1.954490089416503906e+01	2.220287173986434937e-01
3.499384521484375000e+03	2.109889984130859375e+01	5.208707451820373535e-01
3.499389648437500000e+03	1.952529907226562500e+01	2.206056118011474609e-01
3.507361816406250000e+03	1.948049926757812500e+01	2.173539400100708008e-01
3.507369873046875000e+03	1.956809997558593750e+01	2.287721633911132812e-01
3.507385742187500000e+03	1.952790069580078125e+01	2.228037416934967041e-01
3.525375488281250000e+03	1.992169952392578125e+01	2.836804091930389404e-01
3.525391845703125000e+03	2.020549964904785156e+01	3.361860513687133789e-01
3.525400146484375000e+03	1.983209991455078125e+01	2.744370698928833008e-01
3.533337402343750000e+03	1.972529983520507812e+01	2.514209747314453125e-01
3.533345458984375000e+03	1.990449905395507812e+01	2.777056694030761719e-01
3.561184326171875000e+03	2.018099975585937500e+01	3.086949884891510010e-01
3.561192138671875000e+03	2.003310012817382812e+01	2.851342558860778809e-01
3.561199707031250000e+03	2.043810081481933594e+01	3.553529083728790283e-01
3.561207275390625000e+03	2.012910079956054688e+01	3.001550734043121338e-01
3.581289794921875000e+03	2.017180061340332031e+01	3.071400225162506104e-01
3.581294921875000000e+03	2.048460006713867188e+01	3.646304905414581299e-01
3.591191650390625000e+03	2.037490081787109375e+01	3.431758582592010498e-01
3.591196777343750000e+03	2.033760070800781250e+01	3.361860513687133789e-01
3.591201904296875000e+03	1.958679962158203125e+01	2.262329012155532837e-01
3.591207031250000000e+03	2.076040077209472656e+01	4.259115457534790039e-01
3.789493408203125000e+03	2.057099914550781250e+01	3.827173709869384766e-01
3.789497314453125000e+03	1.992309951782226562e+01	2.690093517303466797e-01
3.789501464843750000e+03	1.973080062866210938e+01	2.434311807155609131e-01
3.789505371093750000e+03	1.986599922180175781e+01	2.610759437084197998e-01
3.796443603515625000e+03	1.984059906005859375e+01	2.576581537723541260e-01
3.796451660156250000e+03	2.039450073242187500e+01	3.468680381774902344e-01
3.796455566406250000e+03	1.955509948730468750e+01	2.226564735174179077e-01
3.813417480468750000e+03	2.051009941101074219e+01	3.698590099811553955e-01
3.813425537109375000e+03	1.978890037536621094e+01	2.508129179477691650e-01
3.813429443359375000e+03	1.969829940795898438e+01	2.394122928380966187e-01
3.824412841796875000e+03	1.996820068359375000e+01	2.754738032817840576e-01
3.824418212890625000e+03	1.962849998474121094e+01	2.310473173856735229e-01
3.824424072265625000e+03	2.012520027160644531e+01	2.995380759239196777e-01
3.824430175781250000e+03	1.974239921569824219e+01	2.448829412460327148e-01
3.846315185546875000e+03	1.983060073852539062e+01	2.488078624010086060e-01
3.846320068359375000e+03	1.998069953918457031e+01	2.685620188713073730e-01
3.846325195312500000e+03	2.006110000610351562e+01	2.795720398426055908e-01
3.846330322265625000e+03	1.999950027465820312e+01	2.708211243152618408e-01
3.856266601562500000e+03	2.033200073242187500e+01	3.220103979110717773e-01
3.856270507812500000e+03	1.988030052185058594e+01	2.533971071243286133e-01
3.856274658203125000e+03	2.041200065612792969e+01	3.358292877674102783e-01
3.856278564453125000e+03	1.980400085449218750e+01	2.430998682975769043e-01
3.864264404296875000e+03	1.993930053710937500e+01	2.653119564056396484e-01
3.864268798828125000e+03	1.971669960021972656e+01	2.356648147106170654e-01
3.864277832031250000e+03	2.070240020751953125e+01	4.007160663604736328e-01
3.873324218750000000e+03	1.959289932250976562e+01	2.206056118011474609e-01
3.873329833984375000e+03	1.988260078430175781e+01	2.555489540100097656e-01
3.873334960937500000e+03	1.927070045471191406e+01	1.890909820795059204e-01
3.879425537109375000e+03	2.037689971923828125e+01	3.372628092765808105e-01
3.879429687500000000e+03	2.132690048217773438e+01	5.802257061004638672e-01
3.879433593750000000e+03	1.951720046997070312e+01	2.149032950401306152e-01
3.879437744140625000e+03	2.032629966735839844e+01	3.283110260963439941e-01
3.920185546875000000e+03	2.006949996948242188e+01	2.826799452304840088e-01
3.920195068359375000e+03	1.904269981384277344e+01	1.699485927820205688e-01
3.920203857421875000e+03	2.005669975280761719e+01	2.783237099647521973e-01
3.920211181640625000e+03	2.095879936218261719e+01	4.588631987571716309e-01
4.167541992187500000e+03	1.992029953002929688e+01	2.607348263263702393e-01
4.167545898437500000e+03	2.044099998474121094e+01	3.424205780029296875e-01
4.167549804687500000e+03	1.946319961547851562e+01	2.052854746580123901e-01
4.175446289062500000e+03	2.022209930419921875e+01	3.051736652851104736e-01
4.175451171875000000e+03	1.938890075683593750e+01	1.989157497882843018e-01
4.175456054687500000e+03	2.004080009460449219e+01	2.768065333366394043e-01
4.183437011718750000e+03	2.034259986877441406e+01	3.719339668750762939e-01
4.183441406250000000e+03	1.950209999084472656e+01	2.341269552707672119e-01
4.183445312500000000e+03	2.004400062561035156e+01	3.217579722404479980e-01
4.183449707031250000e+03	1.919779968261718750e+01	1.970198303461074829e-01
4.200285644531250000e+03	1.962330055236816406e+01	2.284527570009231567e-01
4.200291015625000000e+03	2.002169990539550781e+01	2.806250154972076416e-01
4.200295898437500000e+03	1.963839912414550781e+01	2.295074462890625000e-01
4.200300781250000000e+03	1.970829963684082031e+01	2.380825728178024292e-01
4.214329101562500000e+03	1.984119987487792969e+01	2.547514736652374268e-01
4.214333496093750000e+03	1.917060089111328125e+01	1.824752092361450195e-01
4.214337890625000000e+03	1.926819992065429688e+01	1.906320005655288696e-01
4.214342285156250000e+03	1.949239921569824219e+01	2.125921696424484253e-01
4.231397460937500000e+03	1.991169929504394531e+01	2.590491473674774170e-01
4.231403320312500000e+03	1.936610031127929688e+01	1.971196681261062622e-01
4.231409667968750000e+03	1.983079910278320312e+01	2.488374263048171997e-01
4.231415527343750000e+03	2.007839965820312500e+01	2.828098535537719727e-01
4.244266113281250000e+03	1.919980049133300781e+01	1.844951808452606201e-01
4.244272460937500000e+03	1.971339988708496094e+01	2.369024157524108887e-01
4.244278808593750000e+03	1.984670066833496094e+01	2.529608309268951416e-01
4.244285156250000000e+03	1.973439979553222656e+01	2.386013269424438477e-01
4.995500000000000000e+03	1.997369956970214844e+01	1.972911804914474487e-01
4.897500000000000000e+03	1.949909973144531250e+01	1.550346165895462036e-01
5.335500000000000000e+03	2.029940032958984375e+01	2.065501660108566284e-01
5.633500000000000000e+03	1.936709976196289062e+01	1.418483555316925049e-01
4.925500000000000000e+03	1.924020004272460938e+01	1.387271434068679810e-01
5.388500000000000000e+03	1.972929954528808594e+01	1.586066037416458130e-01
4.886500000000000000e+03	2.021199989318847656e+01	2.406580597162246704e-01
5.339500000000000000e+03	2.008550071716308594e+01	1.877238452434539795e-01
4.938500000000000000e+03	1.998699951171875000e+01	1.934642493724822998e-01
4.938500000000000000e+03	1.956690025329589844e+01	1.594166457653045654e-01
5.258500000000000000e+03	1.945109939575195312e+01	1.395630836486816406e-01
4.845500000000000000e+03	2.103800010681152344e+01	3.374071121215820312e-01
5.754500000000000000e+03	2.028940010070800781e+01	2.251151502132415771e-01
4.886500000000000000e+03	1.978289985656738281e+01	1.872029006481170654e-01
5.712500000000000000e+03	2.011140060424804688e+01	1.990334540605545044e-01
5.200500000000000000e+03	1.969709968566894531e+01	1.537436097860336304e-01
5.693500000000000000e+03	1.930900001525878906e+01	1.373571157455444336e-01
5.392500000000000000e+03	2.033259963989257812e+01	2.401255369186401367e-01
5.207500000000000000e+03	1.894039916992187500e+01	1.150651201605796814e-01
4.584500000000000000e+03	1.904780006408691406e+01	1.230708286166191101e-01
4.998500000000000000e+03	1.924010086059570312e+01	1.396970450878143311e-01
5.739500000000000000e+03	1.948710060119628906e+01	1.507654637098312378e-01
4.995500000000000000e+03	1.926029968261718750e+01	1.424534916877746582e-01
4.884500000000000000e+03	1.957609939575195312e+01	1.967496573925018311e-01
4.862500000000000000e+03	1.990019989013671875e+01	2.001629322767257690e-01
4.685500000000000000e+03	1.978350067138671875e+01	1.733201742172241211e-01
5.761500000000000000e+03	1.939019966125488281e+01	1.425467282533645630e-01
5.570500000000000000e+03	2.008979988098144531e+01	1.943301707506179810e-01
4.584500000000000000e+03	1.941930007934570312e+01	1.469072848558425903e-01
5.253500000000000000e+03	1.960610008239746094e+01	1.472949981689453125e-01
5.705500000000000000e+03	1.958029937744140625e+01	1.550536155700683594e-01
5.380500000000000000e+03	2.117070007324218750e+01	3.258663117885589600e-01
5.795500000000000000e+03	1.917469978332519531e+01	1.372233182191848755e-01
5.032500000000000000e+03	1.912089920043945312e+01	1.346655488014221191e-01
5.300500000000000000e+03	1.994219970703125000e+01	2.470818310976028442e-01
5.323500000000000000e+03	1.985919952392578125e+01	1.730227470397949219e-01
5.331500000000000000e+03	1.934609985351562500e+01	1.356048136949539185e-01
5.356500000000000000e+03	1.930089950561523438e+01	1.321720927953720093e-01
4.858500000000000000e+03	1.982959938049316406e+01	1.846102327108383179e-01
4.560500000000000000e+03	1.936429977416992188e+01	1.366491168737411499e-01
5.630500000000000000e+03	1.973500061035156250e+01	1.652147918939590454e-01
5.413500000000000000e+03	2.051720046997070312e+01	2.452217191457748413e-01
5.007500000000000000e+03	1.920409965515136719e+01	1.397880613803863525e-01
5.367500000000000000e+03	2.011050033569335938e+01	1.903255879878997803e-01
5.633500000000000000e+03	2.105509948730468750e+01	3.213804066181182861e-01
5.291500000000000000e+03	1.952989959716796875e+01	1.438665241003036499e-01
5.624500000000000000e+03	2.018630027770996094e+01	2.047832459211349487e-01
5.583500000000000000e+03	1.941230010986328125e+01	1.436930596828460693e-01
5.318500000000000000e+03	2.006920051574707031e+01	1.993879079818725586e-01
5.011500000000000000e+03	1.895969963073730469e+01	1.264793127775192261e-01
5.051500000000000000e+03	1.954770088195800781e+01	1.628610342741012573e-01
5.291500000000000000e+03	1.935250091552734375e+01	1.334764659404754639e-01
5.296500000000000000e+03	1.940979957580566406e+01	1.371868997812271118e-01
4.894500000000000000e+03	1.990099906921386719e+01	1.854807287454605103e-01
5.420500000000000000e+03	2.016580009460449219e+01	2.010541558265686035e-01
5.360500000000000000e+03	2.039049911499023438e+01	2.205239683389663696e-01
4.985500000000000000e+03	1.971599960327148438e+01	1.711040288209915161e-01
5.743500000000000000e+03	1.971879959106445312e+01	1.654606908559799194e-01
5.700500000000000000e+03	1.901250076293945312e+01	1.218472868204116821e-01
5.032500000000000000e+03	1.940559959411621094e+01	1.527775675058364868e-01
4.866500000000000000e+03	1.947850036621093750e+01	1.533825993537902832e-01
5.207500000000000000e+03	1.903520011901855469e+01	1.193446889519691467e-01
4.984500000000000000e+03	1.922649955749511719e+01	1.509434282779693604e-01
5.624500000000000000e+03	1.990570068359375000e+01	1.786258220672607422e-01
5.792500000000000000e+03	1.988549995422363281e+01	1.896420419216156006e-01
5.051500000000000000e+03	1.925370025634765625e+01	1.425187289714813232e-01
5.356500000000000000e+03	1.993470001220703125e+01	1.742799282073974609e-01
