5.795500000000000000e+03	1.984980010986328125e+01	1.926372498273849487e-01
4.904500000000000000e+03	1.822019958496093750e+01	9.470189362764358521e-02
5.705500000000000000e+03	1.949939918518066406e+01	1.496185660362243652e-01
5.718500000000000000e+03	1.925799942016601562e+01	1.357055604457855225e-01
5.409500000000000000e+03	1.922909927368164062e+01	1.308144181966781616e-01
5.253500000000000000e+03	1.934740066528320312e+01	1.324643939733505249e-01
4.949500000000000000e+03	1.927000045776367188e+01	1.460968852043151855e-01
5.318500000000000000e+03	1.879109954833984375e+01	1.091665253043174744e-01
4.897500000000000000e+03	1.908550071716308594e+01	1.307370215654373169e-01
4.971500000000000000e+03	1.926919937133789062e+01	1.436114162206649780e-01
5.409500000000000000e+03	1.964739990234375000e+01	1.563780754804611206e-01
5.007500000000000000e+03	1.923920059204101562e+01	1.423419117927551270e-01
4.938500000000000000e+03	1.933539962768554688e+01	1.447011381387710571e-01
4.934500000000000000e+03	1.973990058898925781e+01	1.696877181529998779e-01
5.413500000000000000e+03	1.942690086364746094e+01	1.470378488302230835e-01
5.627500000000000000e+03	1.948119926452636719e+01	1.475696861743927002e-01
5.384500000000000000e+03	1.965080070495605469e+01	1.532183885574340820e-01
4.968500000000000000e+03	1.941519927978515625e+01	1.538605093955993652e-01
5.310500000000000000e+03	1.948220062255859375e+01	1.435251533985137939e-01
4.964500000000000000e+03	1.910630035400390625e+01	1.317296177148818970e-01
4.938500000000000000e+03	1.936079978942871094e+01	1.463737785816192627e-01
5.739500000000000000e+03	1.954030036926269531e+01	1.545999944210052490e-01
5.291500000000000000e+03	1.917819976806640625e+01	1.246030926704406738e-01
5.413500000000000000e+03	1.919090080261230469e+01	1.328091770410537720e-01
5.245500000000000000e+03	1.943260002136230469e+01	1.369611769914627075e-01
4.897500000000000000e+03	1.898180007934570312e+01	1.247619763016700745e-01
5.715500000000000000e+03	1.934950065612792969e+01	1.407997012138366699e-01
5.420500000000000000e+03	1.924650001525878906e+01	1.334473341703414917e-01
5.380500000000000000e+03	1.927569961547851562e+01	1.308818757534027100e-01
5.700500000000000000e+03	1.961590003967285156e+01	1.562542319297790527e-01
5.693500000000000000e+03	1.935050010681152344e+01	1.397663801908493042e-01
4.891500000000000000e+03	1.941760063171386719e+01	2.424140125513076782e-01
5.747500000000000000e+03	1.956170082092285156e+01	1.550409495830535889e-01
5.420500000000000000e+03	1.933469963073730469e+01	1.387819945812225342e-01
5.413500000000000000e+03	1.954829978942871094e+01	1.544061303138732910e-01
4.851500000000000000e+03	1.915320014953613281e+01	1.368688791990280151e-01
5.903500000000000000e+03	1.867620086669921875e+01	1.117046028375625610e-01
4.981500000000000000e+03	1.828199958801269531e+01	1.001058593392372131e-01
4.904500000000000000e+03	1.886910057067871094e+01	1.185893714427947998e-01
4.581500000000000000e+03	1.987089920043945312e+01	1.716422587633132935e-01
4.868500000000000000e+03	1.960950088500976562e+01	1.644534617662429810e-01
5.207500000000000000e+03	1.946579933166503906e+01	1.550916284322738647e-01
5.300500000000000000e+03	1.983410072326660156e+01	2.067827880382537842e-01
5.735500000000000000e+03	1.908530044555664062e+01	1.281263381242752075e-01
5.291500000000000000e+03	1.926110076904296875e+01	1.287503838539123535e-01
4.922500000000000000e+03	1.927890014648437500e+01	1.409874111413955688e-01
5.022500000000000000e+03	1.995649909973144531e+01	2.319962531328201294e-01
5.718500000000000000e+03	2.031349945068359375e+01	2.194512486457824707e-01
4.862500000000000000e+03	1.898089981079101562e+01	1.288550347089767456e-01
5.425500000000000000e+03	1.880500030517578125e+01	1.137592867016792297e-01
5.384500000000000000e+03	1.925169944763183594e+01	1.296295225620269775e-01
4.584500000000000000e+03	1.955229949951171875e+01	1.561502069234848022e-01
5.335500000000000000e+03	1.911779975891113281e+01	1.230391040444374084e-01
5.380500000000000000e+03	1.999419975280761719e+01	1.789674460887908936e-01
5.630500000000000000e+03	1.963129997253417969e+01	1.573881804943084717e-01
5.245500000000000000e+03	1.938479995727539062e+01	1.343392580747604370e-01
5.725500000000000000e+03	1.945429992675781250e+01	1.457458436489105225e-01
5.007500000000000000e+03	1.903860092163085938e+01	1.308043152093887329e-01
5.903500000000000000e+03	1.955209922790527344e+01	1.578041315078735352e-01
5.718500000000000000e+03	1.893059921264648438e+01	1.191493570804595947e-01
5.739500000000000000e+03	2.035790061950683594e+01	2.276377379894256592e-01
5.747500000000000000e+03	1.930279922485351562e+01	1.389810442924499512e-01
5.644500000000000000e+03	1.916930007934570312e+01	1.318718343973159790e-01
5.570500000000000000e+03	1.950340080261230469e+01	1.481193453073501587e-01
5.042500000000000000e+03	1.944039916992187500e+01	1.514236330986022949e-01
4.934500000000000000e+03	1.917919921875000000e+01	1.481784880161285400e-01
5.258500000000000000e+03	1.904929924011230469e+01	1.188450604677200317e-01
4.998500000000000000e+03	1.908130073547363281e+01	1.318093240261077881e-01
5.388500000000000000e+03	1.954969978332519531e+01	1.466577798128128052e-01
5.725500000000000000e+03	1.972990036010742188e+01	1.645625829696655273e-01
5.200500000000000000e+03	1.980030059814453125e+01	1.612337082624435425e-01
5.011500000000000000e+03	1.884620094299316406e+01	1.225775331258773804e-01
4.862500000000000000e+03	1.895770072937011719e+01	1.269370615482330322e-01
4.998500000000000000e+03	1.900279998779296875e+01	1.275872588157653809e-01
5.409500000000000000e+03	1.929669952392578125e+01	1.344926506280899048e-01
5.705500000000000000e+03	1.931389999389648438e+01	1.385546326637268066e-01
5.356500000000000000e+03	1.870619964599609375e+01	1.058687269687652588e-01
5.674500000000000000e+03	1.950349998474121094e+01	1.765911877155303955e-01
5.705500000000000000e+03	1.940519905090332031e+01	1.438616961240768433e-01
5.425500000000000000e+03	1.983690071105957031e+01	1.744607090950012207e-01
5.406500000000000000e+03	1.867110061645507812e+01	1.060755103826522827e-01
5.570500000000000000e+03	1.948670005798339844e+01	1.473476737737655640e-01
4.886500000000000000e+03	1.926600074768066406e+01	1.511336863040924072e-01
5.384500000000000000e+03	1.942280006408691406e+01	1.390107721090316772e-01
5.347500000000000000e+03	1.980060005187988281e+01	1.702459156513214111e-01
4.978500000000000000e+03	1.891679954528808594e+01	1.252095252275466919e-01
5.747500000000000000e+03	1.882360076904296875e+01	1.148973926901817322e-01
5.360500000000000000e+03	1.939780044555664062e+01	1.390873491764068604e-01
5.708500000000000000e+03	1.908900070190429688e+01	1.262646019458770752e-01
5.765500000000000000e+03	1.900000000000000000e+01	1.248964145779609680e-01
5.011500000000000000e+03	1.802510070800781250e+01	9.230791777372360229e-02
5.792500000000000000e+03	1.949080085754394531e+01	1.571351587772369385e-01
4.894500000000000000e+03	1.919190025329589844e+01	1.354580968618392944e-01
5.792500000000000000e+03	1.934329986572265625e+01	1.484267413616180420e-01
4.891500000000000000e+03	1.963520050048828125e+01	2.385753095149993896e-01
5.747500000000000000e+03	1.918650054931640625e+01	1.325033158063888550e-01
4.534500000000000000e+03	1.977499961853027344e+01	1.616352200508117676e-01
5.420500000000000000e+03	1.921360015869140625e+01	1.322633773088455200e-01
5.722500000000000000e+03	1.941640090942382812e+01	1.450032144784927368e-01
4.925500000000000000e+03	1.861940002441406250e+01	1.096889078617095947e-01
5.051500000000000000e+03	1.865390014648437500e+01	1.136811748147010803e-01
5.725500000000000000e+03	1.929330062866210938e+01	1.364069283008575439e-01
5.399500000000000000e+03	1.919210052490234375e+01	1.300648301839828491e-01
5.388500000000000000e+03	1.921419906616210938e+01	1.277096867561340332e-01
4.971500000000000000e+03	1.899110031127929688e+01	1.277649402618408203e-01
5.575500000000000000e+03	1.933239936828613281e+01	1.526276469230651855e-01
5.323500000000000000e+03	1.907670021057128906e+01	1.366331875324249268e-01
4.560500000000000000e+03	1.996450042724609375e+01	1.776341497898101807e-01
5.200500000000000000e+03	1.930389976501464844e+01	1.305025517940521240e-01
5.296500000000000000e+03	1.923730087280273438e+01	1.331863254308700562e-01
5.708500000000000000e+03	1.934840011596679688e+01	1.403917670249938965e-01
5.765500000000000000e+03	1.919400024414062500e+01	1.361113786697387695e-01
4.949500000000000000e+03	1.879870033264160156e+01	1.197015270590782166e-01
5.712500000000000000e+03	1.943000030517578125e+01	1.467044353485107422e-01
4.866500000000000000e+03	1.934350013732910156e+01	1.444258540868759155e-01
4.968500000000000000e+03	1.901460075378417969e+01	1.336005032062530518e-01
4.610500000000000000e+03	1.903790092468261719e+01	1.231768280267715454e-01
5.300500000000000000e+03	1.969619941711425781e+01	2.406580597162246704e-01
4.995500000000000000e+03	1.858869934082031250e+01	1.105659827589988708e-01
5.207500000000000000e+03	1.957010078430175781e+01	1.474691033363342285e-01
4.925500000000000000e+03	1.924139976501464844e+01	1.393995434045791626e-01
5.792500000000000000e+03	1.983939933776855469e+01	1.910946518182754517e-01
5.261500000000000000e+03	1.957690048217773438e+01	1.731433570384979248e-01
5.022500000000000000e+03	1.906550025939941406e+01	1.335895359516143799e-01
5.261500000000000000e+03	1.881979942321777344e+01	1.182011067867279053e-01
4.685500000000000000e+03	1.967379951477050781e+01	1.653732955455780029e-01
4.551500000000000000e+03	1.803969955444335938e+01	8.643359690904617310e-02
5.028500000000000000e+03	1.886639976501464844e+01	1.310680508613586426e-01
5.739500000000000000e+03	1.855089950561523438e+01	1.045571938157081604e-01
5.258500000000000000e+03	1.876749992370605469e+01	1.070320829749107361e-01
5.795500000000000000e+03	1.907579994201660156e+01	1.482646614313125610e-01
4.992500000000000000e+03	1.859499931335449219e+01	1.093925088644027710e-01
5.223500000000000000e+03	2.010549926757812500e+01	1.869742423295974731e-01
5.360500000000000000e+03	1.958390045166015625e+01	1.504288613796234131e-01
5.384500000000000000e+03	1.899710083007812500e+01	1.174576133489608765e-01
4.685500000000000000e+03	1.968199920654296875e+01	1.662141233682632446e-01
4.560500000000000000e+03	2.004949951171875000e+01	1.849568188190460205e-01
4.985500000000000000e+03	1.906780052185058594e+01	1.296165138483047485e-01
5.340500000000000000e+03	1.877919960021972656e+01	1.092736497521400452e-01
5.245500000000000000e+03	1.929350090026855469e+01	1.292995065450668335e-01
4.978500000000000000e+03	1.903829956054687500e+01	1.317434757947921753e-01
4.568500000000000000e+03	2.039649963378906250e+01	2.351404428482055664e-01
5.380500000000000000e+03	1.939010047912597656e+01	1.371343731880187988e-01
5.425500000000000000e+03	1.989259910583496094e+01	1.798892617225646973e-01
5.739500000000000000e+03	1.935289955139160156e+01	1.426495462656021118e-01
4.551500000000000000e+03	1.819650077819824219e+01	9.041948616504669189e-02
5.624500000000000000e+03	1.974340057373046875e+01	1.658519506454467773e-01
5.735500000000000000e+03	1.927260017395019531e+01	1.374914199113845825e-01
5.392500000000000000e+03	1.916060066223144531e+01	1.609005481004714966e-01
5.712500000000000000e+03	1.949679946899414062e+01	1.503266990184783936e-01
4.998500000000000000e+03	1.937820053100585938e+01	1.486983001232147217e-01
5.207500000000000000e+03	1.950060081481933594e+01	1.429596543312072754e-01
4.985500000000000000e+03	1.964959907531738281e+01	1.664408445358276367e-01
5.331500000000000000e+03	1.894179916381835938e+01	1.153105795383453369e-01
5.377500000000000000e+03	1.970079994201660156e+01	1.598306894302368164e-01
5.028500000000000000e+03	1.910890007019042969e+01	1.443622261285781860e-01
5.377500000000000000e+03	1.984989929199218750e+01	1.730134785175323486e-01
4.998500000000000000e+03	1.873900032043457031e+01	1.153692528605461121e-01
5.276500000000000000e+03	1.940609931945800781e+01	1.364346444606781006e-01
5.627500000000000000e+03	1.912949943542480469e+01	1.273074299097061157e-01
5.659500000000000000e+03	1.953070068359375000e+01	1.616718918085098267e-01
4.922500000000000000e+03	1.904980087280273438e+01	1.287979036569595337e-01
5.392500000000000000e+03	1.942819976806640625e+01	1.487255543470382690e-01
4.981500000000000000e+03	1.923900032043457031e+01	1.478249132633209229e-01
5.339500000000000000e+03	1.885779953002929688e+01	1.114623025059700012e-01
5.360500000000000000e+03	2.001810073852539062e+01	1.832451373338699341e-01
5.722500000000000000e+03	1.988319969177246094e+01	1.780612617731094360e-01
5.633500000000000000e+03	1.922550010681152344e+01	1.327770352363586426e-01
4.866500000000000000e+03	1.922179985046386719e+01	1.372314095497131348e-01
5.331500000000000000e+03	1.921269989013671875e+01	1.281822919845581055e-01
5.323500000000000000e+03	1.889719963073730469e+01	1.221408545970916748e-01
5.743500000000000000e+03	1.924510002136230469e+01	1.347749829292297363e-01
5.743500000000000000e+03	1.943969917297363281e+01	1.466008126735687256e-01
4.610500000000000000e+03	1.964109992980957031e+01	1.582920700311660767e-01
5.743500000000000000e+03	1.971479988098144531e+01	1.653019040822982788e-01
5.732500000000000000e+03	1.897450065612792969e+01	1.221485510468482971e-01
5.633500000000000000e+03	1.951250076293945312e+01	1.498476713895797729e-01
5.399500000000000000e+03	1.914699935913085938e+01	1.278079748153686523e-01
5.042500000000000000e+03	1.862269973754882812e+01	1.098704189062118530e-01
4.894500000000000000e+03	1.858569908142089844e+01	1.078752726316452026e-01
4.904500000000000000e+03	1.859919929504394531e+01	1.072862297296524048e-01
5.708500000000000000e+03	1.932909965515136719e+01	1.389513313770294189e-01
4.894500000000000000e+03	1.919519996643066406e+01	1.353119760751724243e-01
4.581500000000000000e+03	2.023839950561523438e+01	2.056115865707397461e-01
4.584500000000000000e+03	2.048200035095214844e+01	2.332966029644012451e-01
5.253500000000000000e+03	1.963629913330078125e+01	1.497804820537567139e-01
5.223500000000000000e+03	1.918390083312988281e+01	1.255057454109191895e-01
5.624500000000000000e+03	1.955610084533691406e+01	1.525200158357620239e-01
5.032500000000000000e+03	1.918930053710937500e+01	1.388284862041473389e-01
5.651500000000000000e+03	2.061190032958984375e+01	4.838532805442810059e-01
4.883500000000000000e+03	1.878249931335449219e+01	1.210403218865394592e-01
5.014500000000000000e+03	1.798069953918457031e+01	8.962135761976242065e-02
5.051500000000000000e+03	1.864979934692382812e+01	1.136279627680778503e-01
4.858500000000000000e+03	1.884399986267089844e+01	1.213509961962699890e-01
4.995500000000000000e+03	1.889259910583496094e+01	1.238857731223106384e-01
4.974500000000000000e+03	1.916699981689453125e+01	1.370335817337036133e-01
4.971500000000000000e+03	1.907929992675781250e+01	1.327378004789352417e-01
5.722500000000000000e+03	1.927560043334960938e+01	1.364346444606781006e-01
5.291500000000000000e+03	1.925709915161132812e+01	1.284980773925781250e-01
5.335500000000000000e+03	1.884679985046386719e+01	1.110222265124320984e-01
5.722500000000000000e+03	1.959420013427734375e+01	1.564630120992660522e-01
5.570500000000000000e+03	1.960600090026855469e+01	1.546752601861953735e-01
4.891500000000000000e+03	1.995289993286132812e+01	4.350337088108062744e-01
5.715500000000000000e+03	1.934589958190917969e+01	1.406573057174682617e-01
4.868500000000000000e+03	1.861619949340820312e+01	1.100334301590919495e-01
4.992500000000000000e+03	1.861599922180175781e+01	1.098901256918907166e-01
5.339500000000000000e+03	1.919759941101074219e+01	1.326523423194885254e-01
5.022500000000000000e+03	1.927219963073730469e+01	1.429596543312072754e-01
4.956500000000000000e+03	1.982180023193359375e+01	1.839348673820495605e-01
5.276500000000000000e+03	1.931529998779296875e+01	1.314058005809783936e-01
5.761500000000000000e+03	1.920929908752441406e+01	1.326274573802947998e-01
4.534500000000000000e+03	1.995229911804199219e+01	1.754227131605148315e-01
5.296500000000000000e+03	1.925099945068359375e+01	1.317850500345230103e-01
4.551500000000000000e+03	1.754430007934570312e+01	7.620707154273986816e-02
4.925500000000000000e+03	1.931340026855468750e+01	1.438568681478500366e-01
5.754500000000000000e+03	1.932290077209472656e+01	1.441719383001327515e-01
5.347500000000000000e+03	1.921850013732910156e+01	1.373043507337570190e-01
4.537500000000000000e+03	1.990419960021972656e+01	2.055462300777435303e-01
5.327500000000000000e+03	1.932959938049316406e+01	1.336883306503295898e-01
5.032500000000000000e+03	1.920579910278320312e+01	1.401368528604507446e-01
4.949500000000000000e+03	1.865110015869140625e+01	1.360408216714859009e-01
5.406500000000000000e+03	1.931419944763183594e+01	1.354003399610519409e-01
5.674500000000000000e+03	1.964909934997558594e+01	1.632693111896514893e-01
4.851500000000000000e+03	1.875099945068359375e+01	1.169576048851013184e-01
5.743500000000000000e+03	1.928669929504394531e+01	1.370376050472259521e-01
5.718500000000000000e+03	1.972850036621093750e+01	1.659161448478698730e-01
5.339500000000000000e+03	1.970240020751953125e+01	1.644300967454910278e-01
5.039500000000000000e+03	1.889100074768066406e+01	1.240028142929077148e-01
5.367500000000000000e+03	2.001490020751953125e+01	1.826416701078414917e-01
5.659500000000000000e+03	1.971129989624023438e+01	1.766806393861770630e-01
5.039500000000000000e+03	1.888089942932128906e+01	1.241230368614196777e-01
4.949500000000000000e+03	1.907950019836425781e+01	1.302001774311065674e-01
5.051500000000000000e+03	1.911120033264160156e+01	1.353119760751724243e-01
5.323500000000000000e+03	1.899200057983398438e+01	1.215163469314575195e-01
5.261500000000000000e+03	1.931879997253417969e+01	1.372759640216827393e-01
4.581500000000000000e+03	1.999390029907226562e+01	1.816504150629043579e-01
5.409500000000000000e+03	1.981529998779296875e+01	1.680080145597457886e-01
5.712500000000000000e+03	1.907379913330078125e+01	1.263085901737213135e-01
4.610500000000000000e+03	2.011700057983398438e+01	1.975206434726715088e-01
5.627500000000000000e+03	1.940040016174316406e+01	1.421012580394744873e-01
4.866500000000000000e+03	1.882099914550781250e+01	1.172921210527420044e-01
4.886500000000000000e+03	1.841099929809570312e+01	1.299136281013488770e-01
5.291500000000000000e+03	1.916099929809570312e+01	1.238586232066154480e-01
5.331500000000000000e+03	1.886759948730468750e+01	1.121889427304267883e-01
5.258500000000000000e+03	1.982489967346191406e+01	1.638884395360946655e-01
5.765500000000000000e+03	1.919490051269531250e+01	1.358805894851684570e-01
4.964500000000000000e+03	1.938479995727539062e+01	1.482484936714172363e-01
4.938500000000000000e+03	1.871990013122558594e+01	1.135294139385223389e-01
5.406500000000000000e+03	2.089719963073730469e+01	2.878345549106597900e-01
5.795500000000000000e+03	1.945229911804199219e+01	1.634214222431182861e-01
4.560500000000000000e+03	1.969449996948242188e+01	1.569562405347824097e-01
5.633500000000000000e+03	1.980050086975097656e+01	1.710059642791748047e-01
5.014500000000000000e+03	1.910680007934570312e+01	1.316812038421630859e-01
5.659500000000000000e+03	1.922310066223144531e+01	1.328950077295303345e-01
5.765500000000000000e+03	1.921199989318847656e+01	1.367848068475723267e-01
5.420500000000000000e+03	1.889539909362792969e+01	1.163695976138114929e-01
5.700500000000000000e+03	1.933300018310546875e+01	1.383871138095855713e-01
5.347500000000000000e+03	1.963549995422363281e+01	1.597884148359298706e-01
5.644500000000000000e+03	1.923080062866210938e+01	1.645703911781311035e-01
4.537500000000000000e+03	1.962240028381347656e+01	1.872632354497909546e-01
5.715500000000000000e+03	1.937350082397460938e+01	1.424302160739898682e-01
5.735500000000000000e+03	1.888339996337890625e+01	1.329738944768905640e-01
5.659500000000000000e+03	1.920569992065429688e+01	1.400187760591506958e-01
4.992500000000000000e+03	1.882449913024902344e+01	1.187443435192108154e-01
5.310500000000000000e+03	1.989529991149902344e+01	1.718320101499557495e-01
5.351500000000000000e+03	1.987030029296875000e+01	1.719044744968414307e-01
5.406500000000000000e+03	1.927020072937011719e+01	1.329272538423538208e-01
4.560500000000000000e+03	1.993980026245117188e+01	1.756270229816436768e-01
5.051500000000000000e+03	1.938649940490722656e+01	1.525140404701232910e-01
5.647500000000000000e+03	1.943059921264648438e+01	1.442840397357940674e-01
5.367500000000000000e+03	2.151860046386718750e+01	3.987405896186828613e-01
5.276500000000000000e+03	1.935849952697753906e+01	1.337543576955795288e-01
4.858500000000000000e+03	1.928969955444335938e+01	1.447455585002899170e-01
5.700500000000000000e+03	1.940279960632324219e+01	1.426870077848434448e-01
4.862500000000000000e+03	1.905410003662109375e+01	1.330062150955200195e-01
5.042500000000000000e+03	1.952790069580078125e+01	1.577839106321334839e-01
5.042500000000000000e+03	1.910339927673339844e+01	1.315225660800933838e-01
5.413500000000000000e+03	1.946829986572265625e+01	1.490925401449203491e-01
5.310500000000000000e+03	1.931800079345703125e+01	1.340085864067077637e-01
5.253500000000000000e+03	1.950620079040527344e+01	1.413475424051284790e-01
5.253500000000000000e+03	2.014139938354492188e+01	1.881146430969238281e-01
5.754500000000000000e+03	2.029000091552734375e+01	2.247679978609085083e-01
5.335500000000000000e+03	1.923800086975097656e+01	1.289600133895874023e-01
4.858500000000000000e+03	1.900970077514648438e+01	1.292094886302947998e-01
5.318500000000000000e+03	2.005369949340820312e+01	2.003431767225265503e-01
5.624500000000000000e+03	1.945989990234375000e+01	1.463892161846160889e-01
5.340500000000000000e+03	1.900349998474121094e+01	1.185348778963088989e-01
5.360500000000000000e+03	1.914480018615722656e+01	1.254571378231048584e-01
5.732500000000000000e+03	1.910510063171386719e+01	1.283413618803024292e-01
4.845500000000000000e+03	1.752300071716308594e+01	7.930895686149597168e-02
4.978500000000000000e+03	1.906889915466308594e+01	1.329631209373474121e-01
4.897500000000000000e+03	1.942530059814453125e+01	1.520745009183883667e-01
4.858500000000000000e+03	1.889229965209960938e+01	1.234220266342163086e-01
5.318500000000000000e+03	1.935079956054687500e+01	1.339568495750427246e-01
5.339500000000000000e+03	1.878529930114746094e+01	1.154890134930610657e-01
5.630500000000000000e+03	1.972730064392089844e+01	1.641894578933715820e-01
4.883500000000000000e+03	1.874749946594238281e+01	1.257326453924179077e-01
4.866500000000000000e+03	1.896710014343261719e+01	1.237691789865493774e-01
5.700500000000000000e+03	1.965390014648437500e+01	1.587991416454315186e-01
4.534500000000000000e+03	2.016889953613281250e+01	1.943165510892868042e-01
5.011500000000000000e+03	1.813540077209472656e+01	9.527031332254409790e-02
5.261500000000000000e+03	1.960680007934570312e+01	1.651752442121505737e-01
5.367500000000000000e+03	1.985790061950683594e+01	1.694713532924652100e-01
5.712500000000000000e+03	1.976460075378417969e+01	1.696790456771850586e-01
4.968500000000000000e+03	1.871719932556152344e+01	1.164137423038482666e-01
4.995500000000000000e+03	1.842860031127929688e+01	1.044352948665618896e-01
5.327500000000000000e+03	1.905830001831054688e+01	1.201802268624305725e-01
4.551500000000000000e+03	1.903590011596679688e+01	1.200580224394798279e-01
4.971500000000000000e+03	1.923489952087402344e+01	1.441184431314468384e-01
5.022500000000000000e+03	1.854030036926269531e+01	1.308920085430145264e-01
4.685500000000000000e+03	1.959519958496093750e+01	1.595355570316314697e-01
5.693500000000000000e+03	1.928269958496093750e+01	1.356822848320007324e-01
5.340500000000000000e+03	1.903260040283203125e+01	1.198697239160537720e-01
4.925500000000000000e+03	1.934480094909667969e+01	1.452275365591049194e-01
5.575500000000000000e+03	1.956340026855468750e+01	1.735537499189376831e-01
5.032500000000000000e+03	1.907150077819824219e+01	1.325422823429107666e-01
5.028500000000000000e+03	1.941970062255859375e+01	1.656279861927032471e-01
4.956500000000000000e+03	1.881760025024414062e+01	1.198673546314239502e-01
5.331500000000000000e+03	1.909499931335449219e+01	1.222565174102783203e-01
5.674500000000000000e+03	2.004210090637207031e+01	2.200969755649566650e-01
5.351500000000000000e+03	1.995450019836425781e+01	1.784506738185882568e-01
4.995500000000000000e+03	1.869339942932128906e+01	1.146891862154006958e-01
4.862500000000000000e+03	1.932729911804199219e+01	1.529702395200729370e-01
4.568500000000000000e+03	2.048250007629394531e+01	2.772141695022583008e-01
5.630500000000000000e+03	2.009830093383789062e+01	1.949191093444824219e-01
4.992500000000000000e+03	2.009339904785156250e+01	2.061038762331008911e-01
4.964500000000000000e+03	1.920669937133789062e+01	1.372719109058380127e-01
4.922500000000000000e+03	1.797570037841796875e+01	1.350291371345520020e-01
4.894500000000000000e+03	1.942289924621582031e+01	1.494961529970169067e-01
5.693500000000000000e+03	1.924200057983398438e+01	1.335530281066894531e-01
5.327500000000000000e+03	1.926930046081542969e+01	1.306866407394409180e-01
5.369500000000000000e+03	2.019160079956054688e+01	2.116894423961639404e-01
4.891500000000000000e+03	1.891589927673339844e+01	2.525886595249176025e-01
4.897500000000000000e+03	1.907060050964355469e+01	1.293962299823760986e-01
5.624500000000000000e+03	1.958069992065429688e+01	1.541696786880493164e-01
5.276500000000000000e+03	1.915690040588378906e+01	1.234621927142143250e-01
5.377500000000000000e+03	1.983900070190429688e+01	1.979242861270904541e-01
5.296500000000000000e+03	1.914170074462890625e+01	1.237556487321853638e-01
5.392500000000000000e+03	1.976259994506835938e+01	2.003582119941711426e-01
4.584500000000000000e+03	1.971279907226562500e+01	1.665952950716018677e-01
5.425500000000000000e+03	1.988820075988769531e+01	1.782248765230178833e-01
4.964500000000000000e+03	1.883130073547363281e+01	1.182617098093032837e-01
5.735500000000000000e+03	1.886960029602050781e+01	1.194147691130638123e-01
5.647500000000000000e+03	1.929719924926757812e+01	1.366132795810699463e-01
5.207500000000000000e+03	1.940550041198730469e+01	1.374059021472930908e-01
5.200500000000000000e+03	1.910230064392089844e+01	1.204698011279106140e-01
5.732500000000000000e+03	1.894009971618652344e+01	1.203947216272354126e-01
5.380500000000000000e+03	1.945450019836425781e+01	1.408576965332031250e-01
4.851500000000000000e+03	1.917060089111328125e+01	1.380750536918640137e-01
4.974500000000000000e+03	1.939419937133789062e+01	1.514469087123870850e-01
4.886500000000000000e+03	1.942029953002929688e+01	2.966568470001220703e-01
5.335500000000000000e+03	1.964109992980957031e+01	1.526216566562652588e-01
5.732500000000000000e+03	1.939669990539550781e+01	1.451526284217834473e-01
4.883500000000000000e+03	1.909390068054199219e+01	1.433246284723281860e-01
5.245500000000000000e+03	1.895359992980957031e+01	1.136583536863327026e-01
5.356500000000000000e+03	1.929870033264160156e+01	1.323584467172622681e-01
5.570500000000000000e+03	1.907309913635253906e+01	1.247619763016700745e-01
5.032500000000000000e+03	1.916799926757812500e+01	1.382828056812286377e-01
6.341835327148437500e+02	2.057369995117187500e+01	4.071756005287170410e-01
8.894269409179687500e+02	2.036599922180175781e+01	3.228347599506378174e-01
9.084234619140625000e+02	2.073189926147460938e+01	3.962237536907196045e-01
1.021264099121093750e+03	1.988170051574707031e+01	2.738047540187835693e-01
1.021272888183593750e+03	2.004190063476562500e+01	2.969063520431518555e-01
1.021281616210937500e+03	2.022270011901855469e+01	3.312876522541046143e-01
9.232982177734375000e+02	1.977070045471191406e+01	2.359409034252166748e-01
9.233037719726562500e+02	2.018980026245117188e+01	2.969563305377960205e-01
9.233092651367187500e+02	2.095089912414550781e+01	4.566705822944641113e-01
9.233146972656250000e+02	2.062639999389648438e+01	3.752058744430541992e-01
9.293798828125000000e+02	2.024189949035644531e+01	3.008796274662017822e-01
9.972311401367187500e+02	1.989599990844726562e+01	2.675267755985260010e-01
9.972474975585937500e+02	1.927330017089843750e+01	1.949604153633117676e-01
1.379258789062500000e+03	2.000079917907714844e+01	2.743181586265563965e-01
1.379268676757812500e+03	2.053269958496093750e+01	3.657139837741851807e-01
1.392249755859375000e+03	2.034840011596679688e+01	3.627559244632720947e-01
1.392254760742187500e+03	1.965699958801269531e+01	2.465624511241912842e-01
1.347202636718750000e+03	1.993799972534179688e+01	2.680428922176361084e-01
1.347203125000000000e+03	2.013669967651367188e+01	2.977089285850524902e-01
1.347203613281250000e+03	2.037100028991699219e+01	3.362575471401214600e-01
1.347204223632812500e+03	2.014480018615722656e+01	2.995380759239196777e-01
1.694326660156250000e+03	2.021229934692382812e+01	2.972065806388854980e-01
1.694337524414062500e+03	2.053989982604980469e+01	3.560236394405364990e-01
1.694342895507812500e+03	2.034910011291503906e+01	3.204419910907745361e-01
1.641392089843750000e+03	2.001569938659667969e+01	2.823343873023986816e-01
1.641396972656250000e+03	1.920499992370605469e+01	1.906320005655288696e-01
1.641406494140625000e+03	2.069339942932128906e+01	4.085270762443542480e-01
1.613320556640625000e+03	1.980349922180175781e+01	2.403913438320159912e-01
1.613326049804687500e+03	1.955270004272460938e+01	2.140807658433914185e-01
1.613331542968750000e+03	1.999449920654296875e+01	2.688973248004913330e-01
1.613336914062500000e+03	2.015089988708496094e+01	2.860708832740783691e-01
1.756238403320312500e+03	2.105879974365234375e+01	5.032875537872314453e-01
1.657405273437500000e+03	1.991430091857910156e+01	2.561601102352142334e-01
1.657410156250000000e+03	2.000679969787597656e+01	2.673431634902954102e-01
1.657420043945312500e+03	2.059790039062500000e+01	3.729837834835052490e-01
1.666259521484375000e+03	2.008790016174316406e+01	2.919341623783111572e-01
1.720276489257812500e+03	1.994729995727539062e+01	2.769693732261657715e-01
1.720282592773437500e+03	1.980649948120117188e+01	2.506918311119079590e-01
1.720288696289062500e+03	1.978899955749511719e+01	2.557093799114227295e-01
1.720294921875000000e+03	1.982839965820312500e+01	2.562893331050872803e-01
2.048270507812500000e+03	1.980990028381347656e+01	2.536787986755371094e-01
2.048278076171875000e+03	1.989240074157714844e+01	2.545928657054901123e-01
2.048285888671875000e+03	1.973390007019042969e+01	2.395175546407699585e-01
2.048294189453125000e+03	2.000639915466308594e+01	2.726307511329650879e-01
2.122241210937500000e+03	2.043689918518066406e+01	3.767737150192260742e-01
2.020272705078125000e+03	2.057729911804199219e+01	3.711756765842437744e-01
2.020277832031250000e+03	1.992340087890625000e+01	2.642780244350433350e-01
2.020283081054687500e+03	1.983709907531738281e+01	2.510555982589721680e-01
2.020288330078125000e+03	2.032309913635253906e+01	3.314934074878692627e-01
2.025284179687500000e+03	2.018449974060058594e+01	2.973570227622985840e-01
2.025292602539062500e+03	1.958830070495605469e+01	2.179607897996902466e-01
2.025299560546875000e+03	1.962829971313476562e+01	2.224675714969635010e-01
2.025306396484375000e+03	1.941390037536621094e+01	2.001329511404037476e-01
2.026268310546875000e+03	1.992449951171875000e+01	2.627668380737304688e-01
2.026282226562500000e+03	1.990329933166503906e+01	2.572648227214813232e-01
2.026289306640625000e+03	2.003440093994140625e+01	2.736080586910247803e-01
2.032291625976562500e+03	2.024920082092285156e+01	4.260500669479370117e-01
2.072317626953125000e+03	1.934449958801269531e+01	2.193308323621749878e-01
2.072321777343750000e+03	2.032049942016601562e+01	3.617847859859466553e-01
2.072325683593750000e+03	1.962569999694824219e+01	2.547832131385803223e-01
2.081307373046875000e+03	2.037969970703125000e+01	3.458569645881652832e-01
2.081314208984375000e+03	2.050079917907714844e+01	3.645406067371368408e-01
2.429195068359375000e+03	1.947270011901855469e+01	1.837417781352996826e-01
2.429201171875000000e+03	1.942110061645507812e+01	1.793426424264907837e-01
2.429207519531250000e+03	2.032530021667480469e+01	2.820760309696197510e-01
2.401383544921875000e+03	1.976630020141601562e+01	2.479256689548492432e-01
2.401389160156250000e+03	1.898830032348632812e+01	1.696356981992721558e-01
2.401395019531250000e+03	1.952260017395019531e+01	2.190706431865692139e-01
2.401400634765625000e+03	1.981789970397949219e+01	2.546245455741882324e-01
2.025284179687500000e+03	2.054109954833984375e+01	3.612581193447113037e-01
2.025292602539062500e+03	1.951630020141601562e+01	2.100071907043457031e-01
2.025299560546875000e+03	1.968910026550292969e+01	2.328848242759704590e-01
2.025306396484375000e+03	1.955410003662109375e+01	2.175295799970626831e-01
2.754250976562500000e+03	1.930859947204589844e+01	1.940039843320846558e-01
2.754259521484375000e+03	1.950880050659179688e+01	2.175686657428741455e-01
2.754267822265625000e+03	1.914130020141601562e+01	1.799103915691375732e-01
2.754276367187500000e+03	1.929780006408691406e+01	1.929959803819656372e-01
2.769212890625000000e+03	1.968460083007812500e+01	2.364961057901382446e-01
2.769221923828125000e+03	2.030190086364746094e+01	3.277779817581176758e-01
2.769231201171875000e+03	1.948360061645507812e+01	2.128288745880126953e-01
2.769240478515625000e+03	1.945719909667968750e+01	2.106220275163650513e-01
2.790354003906250000e+03	1.952269935607910156e+01	2.216340005397796631e-01
2.790360107421875000e+03	1.883699989318847656e+01	1.594306230545043945e-01
2.790366455078125000e+03	1.932279968261718750e+01	1.996402144432067871e-01
2.790372558593750000e+03	1.908180046081542969e+01	1.795417219400405884e-01
3.065411621093750000e+03	1.941589927673339844e+01	2.073008716106414795e-01
3.065422607421875000e+03	1.960490036010742188e+01	2.267649024724960327e-01
3.065433349609375000e+03	1.949850082397460938e+01	2.118510454893112183e-01
3.065444335937500000e+03	1.937479972839355469e+01	2.018195092678070068e-01
3.125261230468750000e+03	1.885689926147460938e+01	1.633529067039489746e-01
3.125273681640625000e+03	1.952680015563964844e+01	2.236938178539276123e-01
3.125280029296875000e+03	1.864100074768066406e+01	1.486492902040481567e-01
2.706524169921875000e+03	1.947820091247558594e+01	2.063018381595611572e-01
2.706531005859375000e+03	1.957970046997070312e+01	2.168103605508804321e-01
2.706537841796875000e+03	1.947389984130859375e+01	2.051717191934585571e-01
2.706544433593750000e+03	1.960050010681152344e+01	2.189309448003768921e-01
3.148343261718750000e+03	1.961210060119628906e+01	2.263876646757125854e-01
3.148350585937500000e+03	1.974679946899414062e+01	2.402317523956298828e-01
3.148357910156250000e+03	1.945809936523437500e+01	2.096236199140548706e-01
3.148365234375000000e+03	1.979590034484863281e+01	2.473718225955963135e-01
3.168161621093750000e+03	1.989299964904785156e+01	2.748344540596008301e-01
3.168167724609375000e+03	1.892860031127929688e+01	1.696530282497406006e-01
3.168173828125000000e+03	1.942110061645507812e+01	2.148656994104385376e-01
3.168180175781250000e+03	1.987010002136230469e+01	2.727864384651184082e-01
3.203262939453125000e+03	1.916830062866210938e+01	1.687512695789337158e-01
3.203269775390625000e+03	1.965340042114257812e+01	2.127741873264312744e-01
3.203276611328125000e+03	1.788800048828125000e+01	1.012723594903945923e-01
3.203283203125000000e+03	2.039719963073730469e+01	3.132663369178771973e-01
3.411451904296875000e+03	1.963750076293945312e+01	2.304135113954544067e-01
3.411458496093750000e+03	1.955710029602050781e+01	2.220703959465026855e-01
3.411465087890625000e+03	1.918560028076171875e+01	1.847024559974670410e-01
3.411471679687500000e+03	1.976619911193847656e+01	2.471107989549636841e-01
3.460479736328125000e+03	1.960610008239746094e+01	2.314965724945068359e-01
3.460482910156250000e+03	1.901409912109375000e+01	1.707926988601684570e-01
3.460486328125000000e+03	1.956180000305175781e+01	2.187517434358596802e-01
3.478376464843750000e+03	1.990430068969726562e+01	2.637479305267333984e-01
3.478387207031250000e+03	1.903870010375976562e+01	1.718048602342605591e-01
3.478397705078125000e+03	1.961009979248046875e+01	2.275252640247344971e-01
3.478407714843750000e+03	1.928610038757324219e+01	1.920572966337203979e-01
3.499400390625000000e+03	1.934099960327148438e+01	2.007808983325958252e-01
3.499408203125000000e+03	1.895429992675781250e+01	1.681339144706726074e-01
3.499416015625000000e+03	1.926720046997070312e+01	1.942893117666244507e-01
3.499423583984375000e+03	1.945219993591308594e+01	2.128653675317764282e-01
3.526249755859375000e+03	1.924099922180175781e+01	1.935449093580245972e-01
3.526255371093750000e+03	1.939830017089843750e+01	2.091904282569885254e-01
3.526260986328125000e+03	1.940390014648437500e+01	2.090351879596710205e-01
3.526266601562500000e+03	1.989929962158203125e+01	2.690467536449432373e-01
3.533286376953125000e+03	1.906550025939941406e+01	2.121392935514450073e-01
3.533291992187500000e+03	1.979459953308105469e+01	2.815186083316802979e-01
3.533297607421875000e+03	1.935919952392578125e+01	2.117432653903961182e-01
3.561214355468750000e+03	1.945350074768066406e+01	2.116715162992477417e-01
3.561221435546875000e+03	1.931900024414062500e+01	1.982142329216003418e-01
3.561228515625000000e+03	1.954470062255859375e+01	2.215097844600677490e-01
3.561235839843750000e+03	1.954299926757812500e+01	2.213239073753356934e-01
3.846267333984375000e+03	1.957620048522949219e+01	2.217169106006622314e-01
3.846273437500000000e+03	1.944330024719238281e+01	2.075362205505371094e-01
3.846279541015625000e+03	1.937859916687011719e+01	2.005541026592254639e-01
3.846285888671875000e+03	1.963590049743652344e+01	2.282254546880722046e-01
3.852402832031250000e+03	2.000370025634765625e+01	3.310822546482086182e-01
3.852406982421875000e+03	1.984900093078613281e+01	3.235369920730590820e-01
3.852410888671875000e+03	1.996470069885253906e+01	3.254747390747070312e-01
3.852415039062500000e+03	1.966769981384277344e+01	2.446297854185104370e-01
3.858259277343750000e+03	1.960880088806152344e+01	2.255733311176300049e-01
3.858263427734375000e+03	1.964719963073730469e+01	2.309295386075973511e-01
3.858267333984375000e+03	1.948780059814453125e+01	2.119589895009994507e-01
3.858271484375000000e+03	1.921209907531738281e+01	1.851774305105209351e-01
3.876332519531250000e+03	1.967009925842285156e+01	2.320679128170013428e-01
3.876337402343750000e+03	1.931150054931640625e+01	1.947541683912277222e-01
3.876342529296875000e+03	1.993600082397460938e+01	2.665033042430877686e-01
3.876347412109375000e+03	1.899869918823242188e+01	1.682938486337661743e-01
3.893347167968750000e+03	1.947319984436035156e+01	2.055625617504119873e-01
3.905266845703125000e+03	1.960560035705566406e+01	2.226564735174179077e-01
3.905270751953125000e+03	1.992189979553222656e+01	2.620727419853210449e-01
3.905274902343750000e+03	1.980019950866699219e+01	2.463326603174209595e-01
3.905278808593750000e+03	1.983410072326660156e+01	2.504803836345672607e-01
3.916207519531250000e+03	1.975250053405761719e+01	2.405512630939483643e-01
3.916212646484375000e+03	2.002910041809082031e+01	2.771325111389160156e-01
3.916217773437500000e+03	1.987409973144531250e+01	2.560955584049224854e-01
3.916222900390625000e+03	1.987479972839355469e+01	2.561601102352142334e-01
3.922174560546875000e+03	2.030039978027343750e+01	3.263904750347137451e-01
3.922180419921875000e+03	1.970929908752441406e+01	2.370043247938156128e-01
3.922186523437500000e+03	1.968339920043945312e+01	2.341269552707672119e-01
4.109524414062500000e+03	1.963719940185546875e+01	2.285666614770889282e-01
4.109529785156250000e+03	1.932939910888671875e+01	1.963114440441131592e-01
4.109535156250000000e+03	1.953840065002441406e+01	2.173539400100708008e-01
4.109541015625000000e+03	1.925839996337890625e+01	1.898816376924514771e-01
4.173466308593750000e+03	1.938640022277832031e+01	1.997444182634353638e-01
4.173470703125000000e+03	1.994109916687011719e+01	2.646331787109375000e-01
4.173475097656250000e+03	1.935390090942382812e+01	1.967496573925018311e-01
4.173479980468750000e+03	1.979030036926269531e+01	2.442934960126876831e-01
4.195461425781250000e+03	1.977490043640136719e+01	2.469372302293777466e-01
4.195466796875000000e+03	1.978120040893554688e+01	2.479256689548492432e-01
4.201340820312500000e+03	1.913909912109375000e+01	1.884095072746276855e-01
4.201344726562500000e+03	1.895549964904785156e+01	1.838552802801132202e-01
4.214293457031250000e+03	1.991760063171386719e+01	2.687854170799255371e-01
4.214305664062500000e+03	1.944300079345703125e+01	2.107987552881240845e-01
4.214311523437500000e+03	1.957419967651367188e+01	2.235021591186523438e-01
4.231370605468750000e+03	1.970050048828125000e+01	2.358152866363525391e-01
4.231376953125000000e+03	1.972130012512207031e+01	2.384453415870666504e-01
4.231383300781250000e+03	1.935470008850097656e+01	1.987103223800659180e-01
4.231389648437500000e+03	1.946960067749023438e+01	2.097280174493789673e-01
5.644500000000000000e+03	1.913100051879882812e+01	1.291741877794265747e-01
4.974500000000000000e+03	1.919420051574707031e+01	1.388327181339263916e-01
5.028500000000000000e+03	1.927899932861328125e+01	1.543624848127365112e-01
5.792500000000000000e+03	1.919540023803710938e+01	1.393266022205352783e-01
5.761500000000000000e+03	1.897699928283691406e+01	1.207941100001335144e-01
5.039500000000000000e+03	1.915970039367675781e+01	1.383787542581558228e-01
4.978500000000000000e+03	1.915629959106445312e+01	1.379881501197814941e-01
5.392500000000000000e+03	1.899799919128417969e+01	1.249666586518287659e-01
5.007500000000000000e+03	1.941749954223632812e+01	1.542877405881881714e-01
5.351500000000000000e+03	1.995140075683593750e+01	1.786051839590072632e-01
5.007500000000000000e+03	1.908550071716308594e+01	1.340381801128387451e-01
5.754500000000000000e+03	1.914329910278320312e+01	1.334655284881591797e-01
5.715500000000000000e+03	1.914299964904785156e+01	1.294738054275512695e-01
5.318500000000000000e+03	1.907469940185546875e+01	1.212661713361740112e-01
4.974500000000000000e+03	1.905909919738769531e+01	1.315914541482925415e-01
5.761500000000000000e+03	1.941650009155273438e+01	1.441768109798431396e-01
4.610500000000000000e+03	1.983020019531250000e+01	1.724605262279510498e-01
5.630500000000000000e+03	1.932979965209960938e+01	1.381829380989074707e-01
5.647500000000000000e+03	1.943790054321289062e+01	1.448692232370376587e-01
4.685500000000000000e+03	1.967130088806152344e+01	1.650410443544387817e-01
5.310500000000000000e+03	1.999020004272460938e+01	1.797837018966674805e-01
5.039500000000000000e+03	1.916860008239746094e+01	1.393180340528488159e-01
5.327500000000000000e+03	1.901569938659667969e+01	1.182931810617446899e-01
5.708500000000000000e+03	1.936549949645996094e+01	1.412752419710159302e-01
5.903500000000000000e+03	1.869000053405761719e+01	1.115533336997032166e-01
4.985500000000000000e+03	2.033939933776855469e+01	2.323792129755020142e-01
5.705500000000000000e+03	1.950309944152832031e+01	1.500780433416366577e-01
4.584500000000000000e+03	1.991600036621093750e+01	2.126285284757614136e-01
4.534500000000000000e+03	2.017110061645507812e+01	1.945759952068328857e-01
5.388500000000000000e+03	1.914229965209960938e+01	1.241531670093536377e-01
4.938500000000000000e+03	1.924740028381347656e+01	1.399141252040863037e-01
5.388500000000000000e+03	1.948509979248046875e+01	1.426823139190673828e-01
5.761500000000000000e+03	1.959639930725097656e+01	1.557880640029907227e-01
5.627500000000000000e+03	1.934180068969726562e+01	1.386807709932327271e-01
5.223500000000000000e+03	1.953149986267089844e+01	1.441427469253540039e-01
5.693500000000000000e+03	1.976379966735839844e+01	1.673089116811752319e-01
5.323500000000000000e+03	1.905760002136230469e+01	1.277987360954284668e-01
5.725500000000000000e+03	1.985289955139160156e+01	1.741092503070831299e-01
4.981500000000000000e+03	1.926670074462890625e+01	1.442742794752120972e-01
5.340500000000000000e+03	1.969479942321777344e+01	1.573414653539657593e-01
5.674500000000000000e+03	1.961580085754394531e+01	2.028599083423614502e-01
4.581500000000000000e+03	1.995240020751953125e+01	1.784506738185882568e-01
5.258500000000000000e+03	1.933189964294433594e+01	1.326345652341842651e-01
5.647500000000000000e+03	1.937070083618164062e+01	1.404491364955902100e-01
5.200500000000000000e+03	1.915430068969726562e+01	1.229414865374565125e-01
5.633500000000000000e+03	2.012479972839355469e+01	1.984180212020874023e-01
5.754500000000000000e+03	1.923349952697753906e+01	1.386386752128601074e-01
4.883500000000000000e+03	1.971640014648437500e+01	1.970055699348449707e-01
4.956500000000000000e+03	1.953129959106445312e+01	1.617012619972229004e-01
4.845500000000000000e+03	1.822990036010742188e+01	9.700569510459899902e-02
5.575500000000000000e+03	1.915920066833496094e+01	1.607636511325836182e-01
5.356500000000000000e+03	1.930150032043457031e+01	1.323972493410110474e-01
5.351500000000000000e+03	1.987159919738769531e+01	1.722227782011032104e-01
