59169.515629 27.3985 0.205
59169.516278 27.342 0.205
59170.515199 27.704 0.264
59170.515883 27.9055 0.264
59189.478558 27.676499999999997 0.205
59189.479218 27.6615 0.205
59197.499264 27.794 0.26
59197.499913 27.6605 0.261
59199.463431 28.012500000000003 0.204
59199.464078 27.675 0.204
59200.347852 27.945500000000003 0.151
59200.348501 27.772 0.151
59201.739673 28.208 0.205
59201.740329 27.957 0.205
59202.092729 27.819499999999998 0.214
59202.093376 27.836 0.214
59204.335063 27.950000000000003 0.273
59204.335708 28.1045 0.273
59205.422652 28.0505 0.204
59205.423309 27.991500000000002 0.204
59206.467369 28.194499999999998 0.204
59206.468014 27.865000000000002 0.204
59207.725602 27.921 0.178
59207.726256 27.676000000000002 0.178
59209.351485 28.029 0.151
59209.352131 28.049 0.151
59212.09621 28.0155 0.213
59212.096856 27.822000000000003 0.213
59212.354156 28.6125 0.273
59212.354801 28.771 0.273
59213.350585 27.7965 0.273
59213.351234 28.033 0.273
59215.392276 27.2065 0.265
59215.39292 27.2305 0.264
59217.299893 27.9525 0.273
59217.300537 27.887999999999998 0.273
59221.080607 28.024 0.203
59221.081259 27.7655 0.203
59222.086202 27.694499999999998 0.201
59222.086851 27.7715 0.201
59222.286162 27.688499999999998 0.273
59222.286811 27.761000000000003 0.273
59223.390777 27.7635 0.261
59223.391431 27.534 0.261
59225.277985 27.297 0.273
59225.27863 27.375999999999998 0.273
59225.673618 27.884500000000003 0.204
59225.67428 27.7285 0.204
59227.343412 27.7265 0.273
59227.34406 27.674 0.273
59229.088948 28.014000000000003 0.201
59229.089594 28.019 0.201
59230.45523 28.538 0.261
59230.455903 28.6675 0.261
59231.291005 27.801000000000002 0.151
59231.291654 27.788 0.151
59231.313982 28.002499999999998 0.151
59231.314631 27.936500000000002 0.151
59237.366429 28.157 0.204
59237.367079 28.209000000000003 0.204
59243.10803 28.186 0.192
59243.10869 28.1495 0.192
59248.348141 28.7605 0.274
59248.348789 28.417 0.274
59253.049585 28.363500000000002 0.191
59253.050245 28.3405 0.191
59257.518621 28.262999999999998 0.261
59257.519291 28.436 0.261
59262.389994 28.306 0.151
59262.390643 28.1535 0.151
59266.251591 28.137 0.151
59266.25224 28.253999999999998 0.151
59271.483054 27.744 0.255
59271.48371 27.421999999999997 0.267
59277.635139 28.0445 0.203
59277.635792 28.006500000000003 0.203
59282.080692 28.250999999999998 0.199
59282.081334 27.897 0.199
59290.194574 28.1445 0.273
59290.195223 27.9735 0.273
59294.876048 27.825499999999998 0.2
59294.876697 27.7495 0.2
59300.34216 27.485 0.159
59300.342809 27.927500000000002 0.159
59303.026276 27.197000000000003 0.22
59303.026925 27.34 0.22
59304.074686 27.552500000000002 0.22
59304.075323 27.3915 0.22
59305.015599 27.3735 0.218
59305.016248 27.625500000000002 0.2205
59307.063001 27.672 0.203
59307.063651 27.612000000000002 0.203
59308.168327 27.43 0.279
59308.168978 27.825499999999998 0.281
59309.262022 27.649 0.151
59309.262678 27.621000000000002 0.151
59310.154481 27.4375 0.154
59310.155131 27.2115 0.154
59311.057045 27.206 0.191
59311.057698 27.2485 0.191
59311.92465 27.805 0.19
59311.9253 27.843 0.19
59313.450119 27.6225 0.178
59313.86617 27.8935 0.201
59313.866831 27.64 0.2
59315.522122 27.462 0.178
59315.522783 27.4825 0.178
59316.56746 27.517 0.203
59316.568122 27.8405 0.203
59317.560676 27.8455 0.203
59317.561331 27.775 0.203
59319.36236 27.433999999999997 0.264
59319.363016 27.674 0.264
59321.76878 27.759 0.191
59321.769432 27.609 0.191
59324.837209 27.7915 0.201
59324.837858 28.2195 0.201
59325.847848 28.198 0.192
59325.848497 27.977 0.191
59326.841911 27.884 0.202
59326.842561 28.265 0.202
59327.585096 28.0325 0.1805
59327.58575 27.9735 0.181
59331.491446 28.2535 0.207
59331.492106 27.939 0.207
59333.550419 27.857 0.204
59333.551076 27.817999999999998 0.204
59336.633593 27.6175 0.179
59336.634254 27.587 0.179
59337.630283 27.187 0.4095
59337.63094 27.9555 1.2195
59340.230205 27.447 0.273
59340.230851 27.5545 0.273
59342.220489 28.7055 0.76
59342.221138 27.008499999999998 0.2335
59345.952657 27.4835 0.212
59345.953302 27.6205 0.212
59348.157997 28.1695 0.273
59348.158646 28.2 0.273
59349.157938 28.311 0.273
59349.158587 28.391 0.273
59350.92187 27.956 0.201
59350.922519 27.8385 0.201
59353.34985 28.104 0.204
59353.350511 28.092 0.204
59353.359371 27.767 0.178
59353.360022 27.764499999999998 0.178
59354.307593 27.841 0.265
59354.308249 27.9055 0.265
59357.932284 27.408 0.21
59357.932945 27.411499999999997 0.211
59358.7867 28.192999999999998 0.226
59358.787348 28.364 0.212
59358.911647 27.180500000000002 0.2865
59358.912291 28.166 0.228
59359.959904 28.377000000000002 0.274
59359.960553 28.7055 0.274
59360.074593 28.3675 0.152
59360.075254 28.217 0.152
59361.00957 28.4285 0.273
59361.010213 28.810000000000002 0.273
59361.908768 27.5315 0.193
59361.909413 27.717 0.193
59363.015447 28.1945 0.273
59363.016091 28.186 0.273
59364.066804 28.085 0.273
59364.067452 27.805500000000002 0.274
59364.89295 27.541 0.191
59364.893599 27.6475 0.192
59366.134479 28.1665 0.273
59366.135123 28.073 0.273
59366.724956 27.85 0.201
59366.725605 27.935499999999998 0.201
59368.075665 28.106 0.151
59368.076317 28.089 0.151
59369.050037 27.663 0.273
59369.050686 27.4705 0.273
59371.131101 27.8045 0.188
59371.131752 27.7345 0.188
59372.385165 27.8555 0.179
59372.385834 27.924999999999997 0.179
59380.136125 28.381999999999998 0.261
59380.136779 28.259 0.261
59389.841322 27.579 0.215
59389.841975 27.819499999999998 0.215
59401.058008 28.483 0.151
59401.058657 28.572499999999998 0.151
59405.078478 27.836 0.273
59405.079127 27.874000000000002 0.273
59406.027716 27.6865 0.314
59406.028362 28.1325 0.31
59408.453975 27.3615 0.329
59408.454628 27.201 0.3565
59412.709632 28.3545 0.203
59412.710282 27.927500000000002 0.203
59413.756371 28.0105 0.205
59413.757019 27.936 0.205
59414.015649 28.0465 0.189
59414.016291 28.2725 0.189
59417.979717 28.381999999999998 0.273
59417.980365 28.2625 0.273
59420.034325 27.6935 0.274
59420.03498 27.985999999999997 0.274
59421.774562 27.674 0.205
59421.775206 27.491999999999997 0.20350000000000001
59422.40397 27.542 0.204
59422.404622 27.676000000000002 0.204
59425.755692 27.683 0.213
59425.756336 27.783 0.213
59428.015481 27.748 0.151
59428.016123 27.576 0.151
59429.016293 27.432499999999997 0.151
59429.016942 27.4155 0.151
59429.991941 27.698 0.151
59429.992591 27.741 0.151
59430.721574 28.057 0.192
59430.722224 28.0095 0.192
59431.724887 27.7885 0.191
59431.725539 27.9655 0.191
59433.717815 28.08 0.191
59433.718468 28.002000000000002 0.192
59434.999151 28.163 0.188
59434.999801 28.07 0.188
59435.739333 27.9125 0.203
59435.739977 28.000500000000002 0.203
59436.732956 27.868000000000002 0.213
59436.733594 27.6505 0.213
