59169.512588 17.734837780240653 0.175
59169.513246 17.580843640112633 0.175
59170.512255 17.42824039516688 0.203
59170.512916 17.412246281755607 0.203
59189.475588 17.657619883452707 0.175
59189.476235 17.650625645363235 0.175
59197.496308 18.013049050956244 0.202
59197.496946 18.106554732716646 0.202
59199.460463 20.142540991392814 0.5255000000000001
59199.46111 17.689046753303344 0.1745
59200.344931 17.798417692352785 0.203
59200.34558 17.84092347207452 0.1925
59201.736723 17.629312408026408 0.112
59201.737373 17.706318196653797 0.1125
59202.089785 17.688456630083422 0.228
59202.090434 17.844962409805156 0.228
59204.332134 18.114926049577228 0.2085
59204.33278 18.11743180258221 0.209
59205.419613 17.92811068133691 0.174
59205.420293 17.908116737131785 0.175
59206.464398 17.918915098243417 0.174
59206.46505 18.03942090468189 0.174
59207.722639 18.31612046473785 0.19
59207.723304 18.18562638694887 0.19
59209.348538 17.978600039142016 0.1915
59209.349191 18.05510585448604 0.173
59212.093278 18.170543542121024 0.228
59212.093924 18.21754929512601 0.228
59212.351229 18.873840745512574 0.2915
59212.351873 18.73134648070647 0.2555
59213.347643 18.307714390585446 0.152
59213.348298 18.227720223740672 0.149
59215.389355 17.89139702112757 0.205
59215.389999 17.988402756321467 0.205
59217.296971 18.389385448949184 0.1945
59217.297621 18.431391237576463 0.2055
59221.077663 18.059054705842136 0.098
59221.078315 18.11706051228073 0.098
59222.083281 18.281010317877854 0.097
59222.08393 18.192016097599588 0.097
59222.283843 18.22979643891095 0.183
59223.387851 18.28662827101057 0.203
59223.388499 17.805634041826643 0.233
59225.275069 18.42093504280138 0.2075
59225.275707 18.484440724561665 0.223
59225.670671 18.170958108252123 0.112
59225.671333 18.160464003746384 0.112
59227.340476 18.57332869107301 0.225
59227.341124 18.5708344618892 0.2245
59229.086016 18.32787373803201 0.096
59229.08667 18.337379562281583 0.096
59230.452274 18.93554105861364 0.203
59230.452924 18.9160468472408 0.203
59231.288037 18.286984013275976 0.16899999999999998
59231.288686 18.168489792997704 0.199
59231.310968 18.203688227142116 0.1895
59231.311617 18.22619400686385 0.184
59237.363462 18.066589199591014 0.175
59237.364099 17.93959487244576 0.175
59243.105097 18.449221792196106 0.117
59243.105746 18.396227571917834 0.122
59248.345241 18.16488831633854 0.1675
59248.34589 18.16389409606016 0.167
59253.046652 18.336257110389624 0.115
59253.047313 18.272762996978347 0.124
59257.515675 18.331556354403205 0.203
59257.516325 18.45706214303048 0.203
59262.387049 18.066438767630252 0.1845
59262.387698 18.188444547351985 0.1535
59266.248635 18.06882843255118 0.1605
59266.249284 17.996834212272795 0.179
59271.480073 17.52191742470978 0.18
59271.480723 17.763423213337056 0.179
59277.632178 17.65620549093626 0.112
59277.632846 17.699211439864136 0.112
59282.077765 17.65529602376564 0.151
59282.078416 17.92080182129846 0.118
59290.191641 18.026054799524864 0.165
59290.192279 17.98756048128526 0.1555
59294.873115 17.78224604301798 0.096
59294.873765 17.756251831645258 0.096
59300.339158 17.626424328886145 0.176
59300.339865 17.718930625131517 0.153
59303.023208 17.727827352185486 0.23
59303.023859 17.66683314971842 0.23
59304.071718 17.686664942379295 0.23
59304.072367 17.57417072210114 0.23
59305.012666 17.534544630525147 0.101
59305.013316 17.639550419152307 0.102
59307.060041 17.71277769336953 0.099
59307.060706 17.520283615580546 0.098
59308.165381 17.661121387702273 0.187
59308.166032 17.826627185235097 0.2015
59309.259079 17.678861403266993 0.148
59309.259728 17.629367182988727 0.1605
59310.151557 17.533809437926642 0.185
59310.152208 17.51681523545946 0.1895
59311.054102 17.62084712506507 0.129
59311.054749 17.6553528869756 0.12
59311.921718 17.79557374918266 0.114
59311.922367 17.832079528904394 0.114
59313.446509 17.831652898155216 0.19
59313.447156 17.839158660065745 0.19
59313.863237 17.958864102899252 0.096
59313.863886 18.023869882620986 0.096
59315.519106 18.02311057755061 0.189
59315.519755 18.032616357272346 0.189
59316.56449 17.857420328899792 0.112
59316.565153 18.069926233299718 0.112
59317.557708 18.0747655117374 0.112
59317.558369 17.98377139832612 0.112
59319.359377 17.923810420023344 0.203
59319.36004 17.87481632442327 0.203
59321.765853 17.835241485725362 0.134
59321.766505 17.912747292163843 0.115
59324.834266 18.071067484656492 0.097
59324.834915 18.015573264378226 0.097
59325.844915 18.05856790066757 0.117
59325.845564 18.005073680389415 0.124
59326.838979 18.045920617626386 0.098
59326.839628 17.990426397348116 0.098
59327.58215 17.929538986780624 0.19
59327.582797 18.104544748691154 0.19
59331.488444 18.10982680239369 0.115
59331.489116 18.252332786943754 0.115
59333.547462 17.936663552911767 0.113
59333.548119 17.947669403878088 0.113
59336.630614 17.764120811193624 0.19
59336.631275 17.81462669778235 0.19
59337.627284 17.532496736095155 0.147
59337.627941 18.150002587061476 0.1495
59340.227274 18.14015115629897 0.189
59340.227913 18.261656846965025 0.2195
59342.217544 17.608875665969833 0.2075
59342.218194 17.803381454597226 0.17149999999999999
59345.949659 18.098612316479766 0.228
59345.950305 18.062118069484757 0.228
59348.155051 18.550252612435692 0.1795
59348.155701 18.40575840106297 0.148
59349.155 18.598657738735543 0.198
59349.15565 18.70516352736282 0.2245
59350.918908 18.18086636339676 0.097
59350.919556 18.30537213421295 0.097
59353.346879 18.02048885455128 0.112
59353.347529 18.053494643178556 0.112
59353.356397 18.104573617866436 0.19
59353.357061 18.084079531171795 0.19
59354.304634 18.074518218788285 0.204
59354.305296 18.158024114282554 0.205
59357.929202 18.15279710083377 0.104
59357.929943 17.906803699868917 0.105
59358.783752 18.275907364636804 0.103
59358.7844 18.16141313545288 0.1025
59358.90868 17.815519920995552 0.233
59358.909332 17.899025727434033 0.2335
59359.956959 18.527855454000225 0.2305
59359.957608 18.430861233721963 0.206
59360.071661 18.194876941893007 0.17149999999999999
59360.07231 18.274882721614745 0.1515
59361.006623 18.257203321233938 0.161
59361.007272 18.225709100955672 0.153
59361.905831 18.102711290450177 0.152
59361.906477 18.035217043455162 0.1685
59363.012497 18.450066793582657 0.202
59363.01315 18.44557260892669 0.201
59364.06389 18.14093005856497 0.149
59364.064531 18.73243576704212 0.271
59364.890017 18.28628719905389 0.117
59364.890666 17.955292978775628 0.1925
59366.131533 18.390843619714687 0.1895
59366.132184 18.420849417247624 0.1965
59366.721995 18.224602026578758 0.096
59366.722644 18.20410780630049 0.096
59368.072711 18.19263093662847 0.181
59368.073362 18.319636734161406 0.1495
59369.047103 18.253808463007886 0.148
59369.047753 18.32431425163516 0.166
59371.128154 18.388341430180745 0.182
59371.128812 18.33384729005272 0.182
59372.382157 18.172509054825 0.19
59372.382819 18.285014950319272 0.19
59380.133134 18.198036004332018 0.203
59380.133786 18.2590418107705 0.203
59389.838332 17.945466426238944 0.23
59389.83899 18.05647228611092 0.23
59401.054982 18.409357205580367 0.161
59401.055632 18.392362994207758 0.1655
59405.075521 18.375162439235908 0.178
59405.076159 18.407668120996306 0.186
59406.024742 18.152615803249024 0.159
59406.025394 17.717121609687506 0.206
59408.451658 18.32222889901609 0.339
59412.706635 18.405621939149306 0.098
59412.707285 18.09412772777658 0.098
59413.753346 18.31344350820377 0.099
59413.753994 18.236449279019958 0.098
59414.012671 18.02825294786291 0.182
59414.013321 18.003258736490302 0.182
59417.976731 18.308555203238335 0.172
59417.977379 18.213560974054527 0.15
59420.031338 17.912852671240856 0.15
59420.03199 18.230858477679334 0.1975
59421.771575 17.859850491906442 0.1
59421.772233 17.95985635177842 0.101
59422.400988 17.872955780035902 0.112
59422.401641 17.896461595379925 0.113
59425.752734 17.973805023802548 0.228
59425.753379 17.85281076790187 0.228
59428.012489 17.827929453830183 0.162
59428.013138 17.98343523355203 0.1235
59429.013323 17.872842461568855 0.1485
59429.013973 17.71984825019613 0.1865
59429.988973 17.79903119116858 0.1685
59429.989623 17.81403697979586 0.165
59430.718622 17.91902913906348 0.116
59430.719267 17.75753488316292 0.148
59431.721931 18.023464188113845 0.115
59431.722576 18.05496993221317 0.115
59433.714848 18.000212270856245 0.128
59433.715494 18.01971802386123 0.1235
59434.996196 18.17862341859884 0.182
59434.99684 18.153129153792726 0.182
59435.736322 18.085714670260526 0.098
59435.737004 18.04422074386649 0.098
59436.729965 18.03556363796988 0.228
59436.730615 18.069569426597162 0.228
