59169.517287 20.380499999999998 0.162
59169.518291 20.942 0.163
59170.516868 20.538 0.378
59170.517877 20.5465 0.381
59177.519092 20.791 0.168
59177.520089 21.0075 0.187
59189.480212 20.897 0.16
59189.481213 20.911 0.1605
59197.50091 20.52 0.372
59197.501919 20.4 0.372
59198.471019 20.8885 0.375
59198.472016 20.891 0.375
59199.465076 20.705 0.156
59199.466083 20.7905 0.157
59200.349498 20.877000000000002 0.244
59200.350495 20.8795 0.244
59201.741322 20.7605 0.248
59201.742317 20.8835 0.248
59202.094369 20.7675 0.1495
59202.095362 20.921 0.151
59202.532747 20.9425 0.156
59202.533744 20.8505 0.156
59204.336697 20.762500000000003 0.2905
59204.3377 20.686500000000002 0.272
59205.42434 20.445999999999998 0.156
59205.425388 20.634 0.156
59205.456421 20.4455 0.372
59205.457434 20.2145 0.372
59206.46901 20.6265 0.156
59206.470012 20.37 0.156
59207.72725 20.485500000000002 0.223
59207.72826 20.5455 0.223
59207.743403 20.6175 0.224
59207.744412 20.511499999999998 0.224
59209.353129 20.3945 0.244
59209.354137 20.375 0.244
59210.444389 21.0465 0.157
59210.445391 20.906 0.157
59212.097846 21.125999999999998 0.148
59212.098851 21.254 0.149
59212.355787 21.192 0.2945
59212.356795 21.417499999999997 0.3505
59212.493768 21.5525 0.373
59212.494763 21.378 0.373
59213.352232 21.0435 0.2645
59213.353234 20.9745 0.247
59213.49696 20.444499999999998 0.376
59213.497965 20.4435 0.375
59215.393917 20.564 0.377
59215.394919 20.2755 0.377
59216.079924 20.5775 0.158
59216.080914 20.484499999999997 0.16
59217.08857 21.514 0.151
59217.089577 21.315 0.151
59217.301533 21.2575 0.3135
59217.302535 21.264499999999998 0.315
59221.082249 20.736 0.161
59221.083254 20.726 0.161
59222.087848 20.6845 0.155
59222.088845 20.671 0.155
59222.104958 20.3395 0.156
59222.105967 20.4845 0.156
59222.287807 20.878999999999998 0.331
59222.288804 20.8975 0.3355
59222.312545 20.5745 0.255
59222.313553 20.418999999999997 0.216
59223.392424 21.0315 0.374
59223.393439 21.346 0.374
59224.312374 20.497500000000002 0.2595
59224.313371 20.472 0.253
59225.279628 20.4275 0.2565
59225.280633 20.285 0.221
59225.675266 20.3385 0.247
59225.676287 20.0995 0.247
59225.694885 20.422 0.223
59225.695893 20.603 0.223
59227.345062 20.572499999999998 0.2965
59227.346059 20.487000000000002 0.2755
59227.362655 20.347 0.2405
59227.363657 20.451999999999998 0.2665
59228.40801 20.712 0.164
59228.409014 20.392 0.164
59229.082615 20.319499999999998 0.155
59229.083617 20.458 0.155
59229.090583 20.314999999999998 0.156
59229.091622 20.35 0.156
59230.403068 21.665 0.374
59230.404077 21.3995 0.3735
59230.456911 21.036 0.373
59230.457919 20.7805 0.373
59231.292663 20.3485 0.244
59231.29366 20.494 0.244
59231.307571 20.3515 0.244
59231.308556 20.296 0.243
59231.315616 20.2175 0.243
59231.316625 20.311 0.243
59237.368075 20.551000000000002 0.155
59237.369095 20.4585 0.155
59243.109687 21.027 0.149
59243.110684 21.3145 0.149
59248.349779 20.893500000000003 0.2765
59248.350779 20.822000000000003 0.2585
59253.051231 20.791 0.145
59253.052239 20.9 0.145
59257.520281 20.816499999999998 0.373
59257.521281 20.826999999999998 0.373
59262.391652 20.9485 0.244
59262.392649 21.0015 0.244
59266.253237 20.6355 0.243
59266.254245 20.622 0.243
59271.484692 21.945 0.296
59271.48569 21.418 0.229
59277.636789 20.407 0.246
59277.637783 20.453000000000003 0.246
59282.082325 21.228499999999997 0.164
59282.083332 21.3365 0.171
59290.19622 20.641 0.25
59290.197217 20.75 0.277
59294.877694 20.2765 0.154
59294.878703 20.5135 0.153
59300.343807 20.652 0.251
59300.344815 20.875 0.252
59303.027936 20.625500000000002 0.163
59303.028941 20.396500000000003 0.163
59304.07632 20.455 0.162
59304.077328 20.518 0.1615
59305.017246 20.1785 0.1925
59305.018253 20.3995 0.202
59307.064641 20.619 0.159
59307.065649 20.5995 0.159
59308.169978 19.317500000000003 0.3265
59308.170979 20.128 0.2015
59309.263681 20.3345 0.244
59309.264688 20.314999999999998 0.244
59310.156123 20.3155 0.246
59310.1572 20.369 0.246
59311.058689 20.5225 0.146
59311.05969 20.451999999999998 0.146
59311.926296 20.329 0.144
59311.927305 20.2965 0.144
59313.451113 20.618000000000002 0.225
59313.452122 20.657 0.225
59313.867828 20.159999999999997 0.153
59313.868836 20.2245 0.153
59315.523769 20.271 0.223
59315.524767 20.299 0.223
59316.569122 20.0835 0.246
59316.570133 20.1675 0.246
59317.562331 19.982 0.246
59317.563344 20.0135 0.246
59319.364005 20.5805 0.376
59319.365011 20.711 0.377
59321.770427 20.523 0.145
59321.771426 20.6435 0.145
59324.838847 20.2765 0.154
59324.839856 20.344 0.154
59325.849493 20.466 0.146
59325.85049 20.361 0.146
59326.84357 20.334 0.156
59326.844567 20.1635 0.1555
59327.586735 20.195 0.227
59327.587756 20.116 0.227
59331.493103 20.3365 0.251
59331.4941 20.265 0.251
59333.552071 20.432000000000002 0.248
59333.55307 20.455 0.248
59336.63525 20.978 0.225
59336.636259 20.945 0.225
59337.631938 18.93 1.259
59337.632945 21.895 1.21
59340.231836 20.612 0.251
59340.232842 20.68 0.2675
59342.223143 19.6235 0.58
59345.954315 20.875 0.146
59345.955314 20.96 0.146
59348.159643 20.5305 0.2235
59348.160652 20.588 0.2375
59349.159576 20.686500000000002 0.269
59349.160574 20.6235 0.253
59350.923522 20.599 0.156
59350.92454 20.700499999999998 0.156
59353.351335 20.216 0.254
59353.351985 20.396500000000003 0.254
59353.361015 21.0335 0.224
59353.362015 21.2565 0.224
59354.30907 20.448999999999998 0.386
59354.309717 20.6195 0.386
59357.933792 20.343 0.203
59357.93453 20.105 0.203
59358.788169 21.095 0.301
59358.788815 20.987000000000002 0.227
59358.913283 20.7885 0.175
59358.914291 20.639499999999998 0.178
59359.961376 20.9085 0.298
59359.962025 20.8345 0.27949999999999997
59360.076239 20.887 0.245
59360.077236 20.920499999999997 0.245
59361.011043 20.655 0.241
59361.011685 20.734 0.261
59361.910238 20.6705 0.168
59361.910884 20.532 0.172
59363.016919 20.848 0.3165
59363.017563 20.455 0.218
59364.068274 20.6565 0.28049999999999997
59364.068921 20.6485 0.27849999999999997
59364.894422 20.3535 0.16
59364.895059 20.121499999999997 0.16
59366.135941 20.644 0.2775
59366.136591 20.785 0.313
59366.726427 20.625 0.173
59366.727076 20.619 0.173
59368.077142 20.618499999999997 0.2485
59368.077792 20.46 0.248
59369.05151 20.450000000000003 0.2275
59369.052147 20.3915 0.2125
59371.132585 20.7535 0.124
59371.133236 20.555 0.124
59372.386653 21.121000000000002 0.234
59372.387308 20.936 0.232
59380.137613 20.364 0.378
59380.138267 20.609 0.378
59389.842828 21.3095 0.168
59389.843474 21.6345 0.169
59401.059701 21.389 0.25
59401.060385 21.3885 0.25
59405.079973 21.0715 0.268
59405.080622 21.5765 0.3945
59406.029205 20.161 0.257
59406.02988 19.494500000000002 0.3485
59408.45546 18.844 0.841
59408.45612 19.7215 0.6385000000000001
59412.71112 20.643 0.177
59412.71177 20.611 0.1765
59413.757854 21.1825 0.188
59413.758502 20.7425 0.188
59414.017123 19.3005 0.2835
59414.017773 20.6925 0.1325
59417.981204 21.0415 0.28200000000000003
59417.981851 20.991 0.269
59420.035821 21.058500000000002 0.3095
59420.036473 20.7265 0.22649999999999998
59421.776039 20.7995 0.1785
59421.776683 20.4615 0.178
59422.405461 20.7125 0.256
59422.406113 20.527 0.256
59425.757159 20.625500000000002 0.164
59425.757804 20.886 0.165
59428.016966 20.3475 0.249
59428.017615 20.4765 0.249
59429.017776 21.0265 0.251
59429.018426 20.999499999999998 0.251
59429.993437 20.595 0.249
59429.994086 20.878999999999998 0.249
59430.723056 21.287 0.167
59430.723699 21.0975 0.167
59431.726371 20.694499999999998 0.164
59431.727016 20.6355 0.164
59433.7193 21.187 0.16
59433.719945 21.192 0.164
59435.000638 21.3585 0.128
59435.001288 21.285 0.129
59435.740811 21.259999999999998 0.179
59435.7415 21.200499999999998 0.179
59436.73443 21.506 0.164
59436.735079 20.872 0.163
