4.644500000000000000e+03	2.065239906311035156e+01	1.516394764184951782e-01
4.631500000000000000e+03	1.994949913024902344e+01	1.167375072836875916e-01
5.517500000000000000e+03	2.082710075378417969e+01	1.446814090013504028e-01
5.661500000000000000e+03	2.064949989318847656e+01	1.397620439529418945e-01
4.673500000000000000e+03	2.061989974975585938e+01	1.592284291982650757e-01
4.995500000000000000e+03	2.069059944152832031e+01	1.443768888711929321e-01
5.054500000000000000e+03	2.005660057067871094e+01	1.211865544319152832e-01
5.761500000000000000e+03	2.055629920959472656e+01	1.323796063661575317e-01
5.014500000000000000e+03	2.068700027465820312e+01	1.439632177352905273e-01
4.620500000000000000e+03	2.028980064392089844e+01	1.385462433099746704e-01
5.903500000000000000e+03	2.072349929809570312e+01	1.459948122501373291e-01
4.995500000000000000e+03	2.021150016784667969e+01	1.197204366326332092e-01
5.014500000000000000e+03	2.026709938049316406e+01	1.206864267587661743e-01
4.620500000000000000e+03	1.999869918823242188e+01	1.240410134196281433e-01
5.517500000000000000e+03	2.053070068359375000e+01	1.283601373434066772e-01
4.631500000000000000e+03	2.078960037231445312e+01	1.936526000499725342e-01
1.663427978515625000e+03	2.090880012512207031e+01	5.189667940139770508e-01
2.814396240234375000e+03	2.110140037536621094e+01	4.945558607578277588e-01
1.310470336914062500e+03	2.008849906921386719e+01	2.823343873023986816e-01
2.814389404296875000e+03	2.079439926147460938e+01	4.153460562229156494e-01
2.428394775390625000e+03	2.128240013122558594e+01	5.761168599128723145e-01
1.718341308593750000e+03	2.087879943847656250e+01	4.440900981426239014e-01
2.822360595703125000e+03	2.102239990234375000e+01	3.925299048423767090e-01
2.822345458984375000e+03	2.127129936218261719e+01	4.531883001327514648e-01
1.319375000000000000e+03	2.084009933471679688e+01	4.237120449542999268e-01
2.850285888671875000e+03	2.135370063781738281e+01	5.985107421875000000e-01
3.126489990234375000e+03	2.091440010070800781e+01	4.654403328895568848e-01
3.204375244140625000e+03	2.094129943847656250e+01	4.987637400627136230e-01
2.814382568359375000e+03	2.148679924011230469e+01	6.176521182060241699e-01
3.204364990234375000e+03	2.130879974365234375e+01	6.169002652168273926e-01
1.663397705078125000e+03	2.092099952697753906e+01	4.387452900409698486e-01
2.071293457031250000e+03	2.128590011596679688e+01	5.513169765472412109e-01
3.126497558593750000e+03	2.135219955444335938e+01	6.012994050979614258e-01
1.009340026855468750e+03	2.069059944152832031e+01	3.971338570117950439e-01
1.345457641601562500e+03	2.123609924316406250e+01	5.415297746658325195e-01
3.937374023437500000e+03	2.060110092163085938e+01	3.729837834835052490e-01
3.856485595703125000e+03	2.001399993896484375e+01	2.651328444480895996e-01
3.891417480468750000e+03	2.070809936523437500e+01	3.848968744277954102e-01
3.937368896484375000e+03	2.092300033569335938e+01	4.467511773109436035e-01
3.547431396484375000e+03	2.052930068969726562e+01	3.147354125976562500e-01
3.531413818359375000e+03	2.120050048828125000e+01	5.730084180831909180e-01
3.498404541015625000e+03	2.137470054626464844e+01	6.135465502738952637e-01
3.498399658203125000e+03	2.043659973144531250e+01	3.578867316246032715e-01
3.878408447265625000e+03	2.069490051269531250e+01	3.913197219371795654e-01
2.770390869140625000e+03	1.955949974060058594e+01	1.778574436902999878e-01
1.492113281250000000e+03	2.006380081176757812e+01	2.793210446834564209e-01
1.378353149414062500e+03	2.083699989318847656e+01	4.338640868663787842e-01
1.098197753906250000e+03	2.029940032958984375e+01	2.738835513591766357e-01
6.133811645507812500e+02	1.955890083312988281e+01	2.275477349758148193e-01
2.092361083984375000e+03	2.011179924011230469e+01	2.832441627979278564e-01
3.947372314453125000e+03	1.744179916381835938e+01	4.763670265674591064e-01
4.217485839843750000e+03	2.078879928588867188e+01	4.259115457534790039e-01
3.498399169921875000e+03	2.029220008850097656e+01	3.259971141815185547e-01
3.498404052734375000e+03	2.044239997863769531e+01	3.538566827774047852e-01
3.878412109375000000e+03	2.034989929199218750e+01	3.278445005416870117e-01
3.878416748046875000e+03	1.968639945983886719e+01	2.309295386075973511e-01
3.903318603515625000e+03	2.056399917602539062e+01	3.616089820861816406e-01
3.498408935546875000e+03	2.100919914245605469e+01	4.864203035831451416e-01
5.707500000000000000e+03	2.066209983825683594e+01	1.406528651714324951e-01
5.043500000000000000e+03	1.989719963073730469e+01	1.103626564145088196e-01
4.602500000000000000e+03	2.003140068054199219e+01	1.190475672483444214e-01
5.365500000000000000e+03	2.099830055236816406e+01	1.793949604034423828e-01
4.606500000000000000e+03	1.997830009460449219e+01	1.167502775788307190e-01
5.695500000000000000e+03	2.039419937133789062e+01	1.239946335554122925e-01
5.695500000000000000e+03	2.063349914550781250e+01	1.351664513349533081e-01
5.736500000000000000e+03	2.027599906921386719e+01	1.196802780032157898e-01
5.761500000000000000e+03	2.046129989624023438e+01	1.276729106903076172e-01
5.323500000000000000e+03	2.073690032958984375e+01	1.662221997976303101e-01
5.323500000000000000e+03	2.203879928588867188e+01	3.588286638259887695e-01
5.761500000000000000e+03	2.063419914245605469e+01	1.367608308792114258e-01
5.381500000000000000e+03	2.077930068969726562e+01	1.551423668861389160e-01
4.606500000000000000e+03	2.038549995422363281e+01	1.372071206569671631e-01
4.654500000000000000e+03	2.029759979248046875e+01	1.385966390371322632e-01
5.365500000000000000e+03	2.040519905090332031e+01	1.380171030759811401e-01
4.620500000000000000e+03	2.007080078125000000e+01	1.273286342620849609e-01
4.602500000000000000e+03	2.001919937133789062e+01	1.186895519495010376e-01
5.517500000000000000e+03	2.082850074768066406e+01	1.440165042877197266e-01
4.631500000000000000e+03	1.979980087280273438e+01	1.103191748261451721e-01
5.471500000000000000e+03	2.070989990234375000e+01	1.362175047397613525e-01
5.381500000000000000e+03	2.037249946594238281e+01	1.307168602943420410e-01
5.409500000000000000e+03	2.059749984741210938e+01	1.442499011754989624e-01
5.517500000000000000e+03	2.102300071716308594e+01	1.562151908874511719e-01
5.054500000000000000e+03	2.050869941711425781e+01	1.453226357698440552e-01
5.323500000000000000e+03	2.129859924316406250e+01	2.447421997785568237e-01
5.695500000000000000e+03	2.054700088500976562e+01	1.314675658941268921e-01
5.707500000000000000e+03	2.085569953918457031e+01	1.496798992156982422e-01
4.602500000000000000e+03	1.997830009460449219e+01	1.167502775788307190e-01
4.673500000000000000e+03	2.016239929199218750e+01	1.315811127424240112e-01
5.381500000000000000e+03	2.081159973144531250e+01	1.573748290538787842e-01
4.995500000000000000e+03	2.026889991760253906e+01	1.222642436623573303e-01
4.620500000000000000e+03	2.030920028686523438e+01	1.373124569654464722e-01
4.644500000000000000e+03	2.022839927673339844e+01	1.273256093263626099e-01
4.995500000000000000e+03	2.046150016784667969e+01	1.320181488990783691e-01
4.654500000000000000e+03	2.023480033874511719e+01	1.469125002622604370e-01
5.736500000000000000e+03	2.037179946899414062e+01	1.246086508035659790e-01
4.606500000000000000e+03	2.001919937133789062e+01	1.186895519495010376e-01
5.381500000000000000e+03	2.100600051879882812e+01	1.717958152294158936e-01
5.736500000000000000e+03	1.995059967041015625e+01	1.065661534667015076e-01
5.014500000000000000e+03	2.041169929504394531e+01	1.276729106903076172e-01
4.631500000000000000e+03	2.059860038757324219e+01	1.515284925699234009e-01
5.661500000000000000e+03	2.116900062561035156e+01	2.282935678958892822e-01
5.903500000000000000e+03	2.070899963378906250e+01	1.446272134780883789e-01
4.654500000000000000e+03	2.033589935302734375e+01	1.474532485008239746e-01
5.724500000000000000e+03	2.057159996032714844e+01	1.317850500345230103e-01
4.972500000000000000e+03	2.026729965209960938e+01	1.249976158142089844e-01
5.736500000000000000e+03	2.011879920959472656e+01	1.131593808531761169e-01
4.654500000000000000e+03	2.040609931945800781e+01	1.441281735897064209e-01
5.821500000000000000e+03	2.066740036010742188e+01	1.385001093149185181e-01
5.054500000000000000e+03	2.013879966735839844e+01	1.244893074035644531e-01
5.821500000000000000e+03	2.113199996948242188e+01	2.562569975852966309e-01
5.707500000000000000e+03	2.073119926452636719e+01	1.493630260229110718e-01
4.602500000000000000e+03	2.038549995422363281e+01	1.372071206569671631e-01
5.724500000000000000e+03	2.043250083923339844e+01	1.248795762658119202e-01
5.761500000000000000e+03	2.019149971008300781e+01	1.149452105164527893e-01
5.043500000000000000e+03	2.008939933776855469e+01	1.178933754563331604e-01
5.707500000000000000e+03	2.027050018310546875e+01	1.180892214179039001e-01
5.471500000000000000e+03	2.054330062866210938e+01	1.273225694894790649e-01
4.673500000000000000e+03	2.027409934997558594e+01	1.374181061983108521e-01
5.695500000000000000e+03	2.077720069885253906e+01	1.443084627389907837e-01
4.972500000000000000e+03	2.020980072021484375e+01	1.210799068212509155e-01
5.297500000000000000e+03	2.103300094604492188e+01	3.231534063816070557e-01
5.471500000000000000e+03	2.039889907836914062e+01	1.200723722577095032e-01
5.323500000000000000e+03	2.133819961547851562e+01	2.406580597162246704e-01
4.644500000000000000e+03	1.997010040283203125e+01	1.152459830045700073e-01
5.054500000000000000e+03	2.014240074157714844e+01	1.257499456405639648e-01
5.014500000000000000e+03	2.056959915161132812e+01	1.359039992094039917e-01
5.043500000000000000e+03	2.060689926147460938e+01	1.455387175083160400e-01
5.724500000000000000e+03	2.042029953002929688e+01	1.240382865071296692e-01
4.673500000000000000e+03	2.033040046691894531e+01	1.408889740705490112e-01
4.972500000000000000e+03	2.052339935302734375e+01	1.372192651033401489e-01
4.972500000000000000e+03	2.007180023193359375e+01	1.158679723739624023e-01
4.644500000000000000e+03	2.033069992065429688e+01	1.326843649148941040e-01
4.606500000000000000e+03	2.003140068054199219e+01	1.190475672483444214e-01
5.903500000000000000e+03	2.058040046691894531e+01	1.374914199113845825e-01
5.661500000000000000e+03	2.081780052185058594e+01	1.772305667400360107e-01
5.409500000000000000e+03	2.052799987792968750e+01	1.405863165855407715e-01
5.471500000000000000e+03	2.059959983825683594e+01	1.299136281013488770e-01
5.043500000000000000e+03	2.185009956359863281e+01	2.604968547821044922e-01
5.821500000000000000e+03	2.088199996948242188e+01	1.981561332941055298e-01
5.724500000000000000e+03	2.062240028381347656e+01	1.346881687641143799e-01
5.365500000000000000e+03	2.063509941101074219e+01	1.529823094606399536e-01
5.398500000000000000e+03	2.164959907531738281e+01	2.423048317432403564e-01
5.903500000000000000e+03	2.096489906311035156e+01	1.623519361019134521e-01
5.821500000000000000e+03	2.061479949951171875e+01	1.344252228736877441e-01
5.409500000000000000e+03	2.034729957580566406e+01	1.301439851522445679e-01
5.409500000000000000e+03	2.083869934082031250e+01	1.606630235910415649e-01
5.365500000000000000e+03	2.072960090637207031e+01	1.839007437229156494e-01
