5.331500000000000000e+03	1.964570045471191406e+01	1.023456603288650513e-01
5.692500000000000000e+03	2.049749946594238281e+01	1.292673349380493164e-01
5.705500000000000000e+03	2.027809906005859375e+01	1.195366531610488892e-01
4.858500000000000000e+03	1.970689964294433594e+01	9.502508491277694702e-02
5.337500000000000000e+03	1.987520027160644531e+01	1.122807711362838745e-01
4.948500000000000000e+03	1.949349975585937500e+01	9.031043946743011475e-02
5.675500000000000000e+03	2.026440048217773438e+01	1.206156685948371887e-01
5.005500000000000000e+03	1.949460029602050781e+01	9.346768260002136230e-02
4.833500000000000000e+03	1.979010009765625000e+01	9.766608476638793945e-02
5.349500000000000000e+03	2.005520057678222656e+01	1.180267632007598877e-01
5.277500000000000000e+03	2.005640029907226562e+01	1.180223077535629272e-01
5.337500000000000000e+03	2.009749984741210938e+01	1.218981370329856873e-01
5.322500000000000000e+03	2.011219978332519531e+01	1.185848265886306763e-01
4.896500000000000000e+03	1.958169937133789062e+01	9.319064021110534668e-02
5.627500000000000000e+03	2.042959976196289062e+01	1.241038814187049866e-01
5.293500000000000000e+03	2.015410041809082031e+01	1.205718293786048889e-01
4.982500000000000000e+03	1.942959976196289062e+01	9.174603223800659180e-02
5.647500000000000000e+03	2.024819946289062500e+01	1.159982234239578247e-01
4.639500000000000000e+03	1.947669982910156250e+01	1.013336405158042908e-01
4.646500000000000000e+03	1.960790061950683594e+01	1.037388369441032410e-01
5.675500000000000000e+03	2.023150062561035156e+01	1.177738606929779053e-01
4.858500000000000000e+03	1.979960060119628906e+01	9.769467264413833618e-02
4.974500000000000000e+03	1.959410095214843750e+01	9.553069621324539185e-02
4.646500000000000000e+03	1.948060035705566406e+01	9.953236579895019531e-02
4.612500000000000000e+03	1.947010040283203125e+01	9.951463341712951660e-02
4.511500000000000000e+03	1.930900001525878906e+01	9.086805582046508789e-02
5.390500000000000000e+03	2.024869918823242188e+01	1.244643852114677429e-01
5.217500000000000000e+03	1.983130073547363281e+01	1.051820367574691772e-01
4.511500000000000000e+03	1.942300033569335938e+01	9.404569119215011597e-02
4.858500000000000000e+03	1.970859909057617188e+01	9.514018893241882324e-02
5.349500000000000000e+03	2.016480064392089844e+01	1.229810193181037903e-01
4.858500000000000000e+03	1.964469909667968750e+01	9.331535547971725464e-02
4.626500000000000000e+03	1.924209976196289062e+01	9.261827915906906128e-02
5.715500000000000000e+03	2.042429924011230469e+01	1.262440830469131470e-01
5.647500000000000000e+03	2.028319931030273438e+01	1.169962435960769653e-01
5.705500000000000000e+03	2.043210029602050781e+01	1.273044049739837646e-01
4.926500000000000000e+03	1.950230026245117188e+01	9.092760831117630005e-02
4.982500000000000000e+03	1.947170066833496094e+01	9.303837269544601440e-02
4.626500000000000000e+03	1.946400070190429688e+01	9.927616268396377563e-02
4.598500000000000000e+03	1.942429924011230469e+01	9.822425991296768188e-02
4.646500000000000000e+03	1.958569908142089844e+01	1.031137779355049133e-01
5.390500000000000000e+03	2.008950042724609375e+01	1.171232834458351135e-01
4.511500000000000000e+03	1.948629951477050781e+01	9.644173830747604370e-02
5.217500000000000000e+03	1.986980056762695312e+01	1.066940203309059143e-01
5.355500000000000000e+03	2.010680007934570312e+01	1.206864267587661743e-01
4.974500000000000000e+03	1.941830062866210938e+01	9.076925367116928101e-02
5.293500000000000000e+03	2.019359970092773438e+01	1.228389292955398560e-01
5.349500000000000000e+03	1.998539924621582031e+01	1.148655638098716736e-01
5.715500000000000000e+03	2.022879981994628906e+01	1.175648272037506104e-01
5.675500000000000000e+03	2.068040084838867188e+01	1.468447595834732056e-01
4.581500000000000000e+03	1.943580055236816406e+01	9.807597100734710693e-02
5.355500000000000000e+03	2.031929969787597656e+01	1.316915750503540039e-01
4.639500000000000000e+03	1.956710052490234375e+01	1.041417419910430908e-01
5.337500000000000000e+03	2.026020050048828125e+01	1.294188350439071655e-01
4.605166931152343750e+02	1.929100036621093750e+01	1.985347718000411987e-01
4.605258483886718750e+02	1.921949958801269531e+01	1.892657577991485596e-01
4.605350036621093750e+02	2.002470016479492188e+01	2.834620475769042969e-01
4.605442199707031250e+02	2.007629966735839844e+01	2.929379642009735107e-01
4.834422912597656250e+02	1.900399971008300781e+01	1.741566061973571777e-01
2.452941741943359375e+02	2.073159980773925781e+01	4.296953976154327393e-01
2.453108520507812500e+02	1.996260070800781250e+01	2.873338758945465088e-01
2.721976318359375000e+02	1.966819953918457031e+01	2.485422044992446899e-01
5.833250732421875000e+02	1.927330017089843750e+01	2.220079004764556885e-01
5.833327636718750000e+02	1.962229919433593750e+01	2.626623809337615967e-01
8.214985961914062500e+02	1.937380027770996094e+01	1.972482651472091675e-01
8.215051879882812500e+02	2.046339988708496094e+01	3.434033393859863281e-01
5.244458618164062500e+02	2.006809997558593750e+01	2.927459776401519775e-01
5.244523925781250000e+02	1.902709960937500000e+01	1.742894351482391357e-01
5.244589233398437500e+02	1.867609977722167969e+01	1.490705311298370361e-01
5.244589233398437500e+02	1.917609977722167969e+01	1.870222985744476318e-01
5.244654541015625000e+02	1.878219985961914062e+01	1.562021970748901367e-01
5.374133911132812500e+02	2.026840019226074219e+01	3.224535286426544189e-01
5.374198608398437500e+02	1.944529914855957031e+01	2.102173566818237305e-01
5.374264526367187500e+02	1.970190048217773438e+01	2.397549003362655640e-01
4.934828186035156250e+02	1.990970039367675781e+01	2.677107751369476318e-01
4.934914855957031250e+02	1.992779922485351562e+01	2.671233117580413818e-01
4.934914855957031250e+02	2.081439971923828125e+01	4.345940947532653809e-01
4.935001220703125000e+02	1.965279960632324219e+01	2.326436340808868408e-01
4.935087890625000000e+02	1.963509941101074219e+01	2.297155559062957764e-01
5.094292907714843750e+02	2.091699981689453125e+01	4.706356525421142578e-01
5.094363098144531250e+02	1.970660018920898438e+01	2.427424937486648560e-01
5.094433593750000000e+02	2.005730056762695312e+01	2.906582057476043701e-01
5.094508056640625000e+02	1.962350082397460938e+01	2.333451956510543823e-01
5.094508056640625000e+02	1.993799972534179688e+01	2.746355235576629639e-01
6.242509155273437500e+02	1.950909996032714844e+01	2.344715148210525513e-01
6.242562866210937500e+02	1.965110015869140625e+01	2.529297471046447754e-01
6.242615966796875000e+02	1.944770050048828125e+01	2.314017713069915771e-01
6.242669677734375000e+02	2.025489997863769531e+01	3.526233434677124023e-01
6.301954345703125000e+02	1.970400047302246094e+01	2.499990463256835938e-01
6.302008666992187500e+02	1.931640052795410156e+01	2.050257772207260132e-01
6.302063598632812500e+02	2.001560020446777344e+01	2.926501333713531494e-01
6.302117919921875000e+02	2.027179908752441406e+01	3.371186554431915283e-01
6.372037353515625000e+02	1.972800064086914062e+01	2.569058537483215332e-01
6.372128295898437500e+02	1.970980072021484375e+01	2.571994364261627197e-01
6.372219238281250000e+02	1.965119934082031250e+01	2.496697604656219482e-01
6.372310180664062500e+02	1.949740028381347656e+01	2.332723140716552734e-01
9.482618408203125000e+02	2.013570022583007812e+01	2.951233685016632080e-01
9.482748413085937500e+02	1.950900077819824219e+01	2.134335190057754517e-01
1.190473022460937500e+03	1.925069999694824219e+01	1.903638094663619995e-01
1.190479614257812500e+03	2.013109970092773438e+01	2.989247441291809082e-01
1.190486206054687500e+03	1.916749954223632812e+01	1.816394925117492676e-01
1.012206542968750000e+03	1.947730064392089844e+01	2.195920050144195557e-01
1.012217224121093750e+03	1.941360092163085938e+01	2.130664288997650146e-01
9.782871093750000000e+02	1.914970016479492188e+01	1.830320507287979126e-01
9.783068237304687500e+02	2.019610023498535156e+01	3.162845075130462646e-01
9.922261352539062500e+02	1.980389976501464844e+01	2.616244852542877197e-01
1.173522216796875000e+03	1.951339912414550781e+01	2.174514532089233398e-01
1.318257080078125000e+03	1.958979988098144531e+01	2.192506790161132812e-01
1.331281005859375000e+03	1.916860008239746094e+01	1.814325451850891113e-01
1.331287475585937500e+03	1.902449989318847656e+01	1.698005944490432739e-01
1.331300292968750000e+03	1.969470024108886719e+01	2.352649718523025513e-01
1.256461425781250000e+03	1.996750068664550781e+01	2.644199132919311523e-01
1.256461425781250000e+03	2.068829917907714844e+01	3.914293050765991211e-01
1.256470214843750000e+03	1.974480056762695312e+01	2.347928583621978760e-01
1.256484619140625000e+03	1.963509941101074219e+01	2.220912426710128784e-01
1.231428344726562500e+03	1.942410087585449219e+01	2.004033625125885010e-01
1.231436035156250000e+03	1.960969924926757812e+01	2.200969755649566650e-01
1.231443603515625000e+03	1.968460083007812500e+01	2.268316745758056641e-01
1.231443603515625000e+03	2.041670036315917969e+01	3.337112367153167725e-01
1.231451416015625000e+03	1.952319908142089844e+01	2.093633711338043213e-01
1.246504394531250000e+03	1.974069976806640625e+01	2.352151423692703247e-01
1.375162719726562500e+03	1.898570060729980469e+01	1.476439684629440308e-01
1.375171386718750000e+03	1.923550033569335938e+01	1.655243486166000366e-01
1.375180053710937500e+03	1.938220024108886719e+01	1.778066158294677734e-01
1.375188598632812500e+03	1.920680046081542969e+01	1.639500260353088379e-01
1.290383544921875000e+03	1.985169982910156250e+01	2.442934960126876831e-01
1.290390625000000000e+03	1.948069953918457031e+01	2.142481952905654907e-01
1.290397827148437500e+03	1.926219940185546875e+01	1.932497322559356689e-01
1.290404907226562500e+03	1.895829963684082031e+01	1.643989831209182739e-01
1.341223144531250000e+03	1.929599952697753906e+01	1.936391294002532959e-01
1.341228515625000000e+03	1.911280059814453125e+01	1.829202324151992798e-01
1.341233764648437500e+03	2.088909912109375000e+01	4.612567722797393799e-01
1.341239135742187500e+03	1.923229980468750000e+01	1.867584437131881714e-01
1.348259521484375000e+03	1.996839904785156250e+01	2.823343873023986816e-01
1.551514892578125000e+03	1.974220085144042969e+01	2.355646491050720215e-01
1.551519165039062500e+03	1.973819923400878906e+01	2.343975603580474854e-01
1.551523437500000000e+03	1.956430053710937500e+01	2.168297022581100464e-01
1.551527709960937500e+03	1.895619964599609375e+01	1.605769693851470947e-01
1.675268310546875000e+03	2.002720069885253906e+01	2.831136584281921387e-01
1.689219726562500000e+03	2.071949958801269531e+01	4.127840697765350342e-01
1.689224487304687500e+03	2.004780006408691406e+01	2.807521820068359375e-01
1.689229370117187500e+03	1.933079910278320312e+01	1.981851756572723389e-01
1.689234130859375000e+03	2.012290000915527344e+01	2.948292195796966553e-01
1.632436401367187500e+03	1.913809967041015625e+01	1.720861196517944336e-01
1.632444458007812500e+03	1.927989959716796875e+01	1.889789104461669922e-01
1.632452758789062500e+03	1.934469985961914062e+01	1.955695003271102905e-01
1.632460937500000000e+03	1.984390068054199219e+01	2.449111193418502808e-01
1.757193725585937500e+03	2.014349937438964844e+01	3.651711046695709229e-01
1.757198608398437500e+03	2.050079917907714844e+01	4.480186104774475098e-01
1.757198608398437500e+03	2.049710083007812500e+01	4.470671117305755615e-01
1.657332763671875000e+03	1.924349975585937500e+01	1.810210049152374268e-01
1.657344482421875000e+03	1.861300086975097656e+01	1.393266022205352783e-01
1.657350341796875000e+03	1.951539993286132812e+01	2.131396830081939697e-01
1.717260131835937500e+03	1.947780036926269531e+01	2.193709462881088257e-01
1.717268066406250000e+03	1.992040061950683594e+01	2.661768198013305664e-01
1.730208618164062500e+03	1.932539939880371094e+01	2.058572620153427124e-01
1.912516235351562500e+03	1.936420059204101562e+01	2.064507305622100830e-01
2.286497070312500000e+03	1.960720062255859375e+01	1.911333650350570679e-01
1.996376342773437500e+03	1.936420059204101562e+01	2.019891440868377686e-01
1.996383300781250000e+03	1.909129905700683594e+01	1.740430295467376709e-01
2.018371582031250000e+03	1.919409942626953125e+01	1.862225532531738281e-01
2.018379150390625000e+03	1.971549987792968750e+01	2.361171245574951172e-01
2.018386840820312500e+03	1.984250068664550781e+01	2.566781938076019287e-01
2.018394531250000000e+03	1.949909973144531250e+01	2.120851576328277588e-01
2.083205078125000000e+03	1.974740028381347656e+01	2.427973747253417969e-01
2.413359375000000000e+03	2.058069992065429688e+01	3.236651718616485596e-01
2.413368408203125000e+03	2.031920051574707031e+01	2.811772227287292480e-01
2.428178466796875000e+03	2.039159965515136719e+01	3.463225662708282471e-01
2.428187500000000000e+03	2.105750083923339844e+01	5.052604079246520996e-01
2.428206054687500000e+03	2.079260063171386719e+01	4.337185025215148926e-01
2.339477539062500000e+03	2.054150009155273438e+01	3.857362866401672363e-01
2.339482666015625000e+03	2.108979988098144531e+01	5.276850461959838867e-01
2.439210205078125000e+03	2.006450080871582031e+01	2.899563312530517578e-01
2.439216064453125000e+03	2.105150032043457031e+01	5.035057067871093750e-01
2.153001098632812500e+02	1.967799949645996094e+01	3.081927001476287842e-01
2.153001098632812500e+02	2.019849967956542969e+01	4.111419618129730225e-01
2.153081817626953125e+02	1.904800033569335938e+01	2.218830287456512451e-01
2.153163757324218750e+02	1.954150009155273438e+01	2.864300608634948730e-01
2.153244323730468750e+02	1.912490081787109375e+01	2.306241989135742188e-01
6.571639404296875000e+02	1.929509925842285156e+01	2.173539400100708008e-01
6.571703491210937500e+02	1.937689971923828125e+01	2.245087325572967529e-01
9.922352294921875000e+02	2.000539970397949219e+01	2.925543487071990967e-01
9.922443847656250000e+02	2.069639968872070312e+01	4.306915402412414551e-01
9.922536621093750000e+02	1.976840019226074219e+01	2.583839595317840576e-01
9.922628173828125000e+02	2.029459953308105469e+01	3.440121412277221680e-01
1.675272094726562500e+03	2.020089912414550781e+01	3.164646327495574951e-01
1.675279052734375000e+03	2.007819938659667969e+01	2.819900512695312500e-01
1.675285766601562500e+03	2.011179924011230469e+01	2.989757061004638672e-01
1.675292846679687500e+03	1.982710075378417969e+01	2.559022307395935059e-01
2.675533935546875000e+03	2.032460021972656250e+01	3.302642405033111572e-01
2.675539062500000000e+03	2.099029922485351562e+01	4.801666140556335449e-01
2.675544189453125000e+03	2.008779907226562500e+01	2.896305024623870850e-01
2.710423828125000000e+03	2.030660057067871094e+01	3.273798525333404541e-01
2.751427490234375000e+03	1.918849945068359375e+01	1.878091096878051758e-01
2.758334716796875000e+03	2.070579910278320312e+01	3.479663133621215820e-01
2.758358886718750000e+03	2.043569946289062500e+01	3.016092777252197266e-01
2.764267089843750000e+03	1.932679939270019531e+01	2.038063704967498779e-01
2.792216796875000000e+03	2.114719963073730469e+01	5.471819043159484863e-01
2.792221923828125000e+03	1.949220085144042969e+01	2.274803072214126587e-01
2.792226806640625000e+03	1.944589996337890625e+01	2.192707061767578125e-01
2.792231933593750000e+03	2.103009986877441406e+01	5.106250047683715820e-01
2.819274414062500000e+03	1.973970031738281250e+01	2.459892034530639648e-01
3.007506835937500000e+03	2.088339996337890625e+01	3.967919051647186279e-01
3.007506835937500000e+03	2.089739990234375000e+01	3.998993635177612305e-01
3.007510986328125000e+03	1.917110061645507812e+01	1.652543693780899048e-01
3.022517089843750000e+03	2.034749984741210938e+01	3.334316909313201904e-01
3.032492431640625000e+03	2.081110000610351562e+01	4.366561770439147949e-01
3.032506103515625000e+03	2.024740028381347656e+01	3.176732957363128662e-01
3.032512939453125000e+03	2.026799964904785156e+01	3.198207318782806396e-01
3.051434082031250000e+03	2.026840019226074219e+01	3.271151781082153320e-01
3.051449707031250000e+03	1.990119934082031250e+01	2.701753377914428711e-01
3.081482666015625000e+03	2.118070030212402344e+01	5.436645150184631348e-01
3.081488525390625000e+03	1.984169960021972656e+01	2.577567398548126221e-01
3.081494384765625000e+03	1.998019981384277344e+01	2.767252326011657715e-01
3.088427490234375000e+03	2.056730079650878906e+01	3.193879127502441406e-01
3.088437744140625000e+03	1.983729934692382812e+01	2.184540778398513794e-01
3.107293701171875000e+03	2.082519912719726562e+01	4.536813199520111084e-01
3.107311523437500000e+03	2.002029991149902344e+01	2.879715561866760254e-01
2.698457031250000000e+03	2.015449905395507812e+01	3.010875582695007324e-01
2.698457031250000000e+03	2.102669906616210938e+01	4.906459748744964600e-01
2.698472412109375000e+03	2.049900054931640625e+01	3.629333078861236572e-01
3.176180908203125000e+03	1.983659934997558594e+01	2.697221934795379639e-01
3.198176513671875000e+03	1.915839958190917969e+01	1.906064003705978394e-01
3.198187744140625000e+03	2.010630035400390625e+01	3.096502721309661865e-01
3.198193359375000000e+03	2.026269912719726562e+01	3.386408984661102295e-01
3.207192138671875000e+03	1.924060058593750000e+01	2.082984447479248047e-01
3.207197753906250000e+03	2.031780052185058594e+01	3.680928647518157959e-01
3.434473876953125000e+03	2.043880081176757812e+01	3.597775995731353760e-01
3.434473876953125000e+03	2.120870018005371094e+01	5.586861371994018555e-01
3.434486083984375000e+03	1.956599998474121094e+01	2.248763144016265869e-01
3.434486083984375000e+03	2.045030021667480469e+01	3.595180809497833252e-01
3.434492187500000000e+03	1.983200073242187500e+01	2.597194910049438477e-01
3.472373779296875000e+03	1.912360000610351562e+01	1.832226812839508057e-01
3.472379638671875000e+03	1.955769920349121094e+01	2.248329669237136841e-01
3.472391357421875000e+03	2.064489936828613281e+01	4.059576690196990967e-01
3.493316894531250000e+03	2.014290046691894531e+01	3.150909543037414551e-01
3.493338134765625000e+03	2.094429969787597656e+01	5.006890296936035156e-01
3.506267089843750000e+03	2.049399948120117188e+01	3.758895695209503174e-01
3.527257812500000000e+03	2.028540039062500000e+01	3.392259478569030762e-01
3.549145996093750000e+03	1.942490005493164062e+01	2.087257802486419678e-01
3.549156005859375000e+03	1.921170043945312500e+01	1.882618814706802368e-01
3.549159912109375000e+03	1.952269935607910156e+01	2.190706431865692139e-01
3.585161865234375000e+03	2.025769996643066406e+01	3.218210339546203613e-01
3.752495605468750000e+03	2.036930084228515625e+01	3.421198129653930664e-01
3.752499755859375000e+03	2.054739952087402344e+01	3.776637017726898193e-01
3.765457031250000000e+03	1.945940017700195312e+01	2.123019844293594360e-01
3.765460937500000000e+03	1.938299942016601562e+01	2.044773697853088379e-01
3.765465087890625000e+03	2.064839935302734375e+01	3.996668756008148193e-01
3.772476074218750000e+03	1.970599937438964844e+01	2.403381168842315674e-01
3.772481201171875000e+03	1.936849975585937500e+01	2.030323743820190430e-01
3.772486083984375000e+03	1.983970069885253906e+01	2.575268149375915527e-01
3.772490966796875000e+03	1.957110023498535156e+01	2.244656085968017578e-01
3.791397949218750000e+03	1.987919998168945312e+01	2.629063427448272705e-01
3.791402099609375000e+03	1.954619979858398438e+01	2.216754257678985596e-01
3.791406005859375000e+03	1.986750030517578125e+01	2.612812221050262451e-01
3.791406005859375000e+03	2.096409988403320312e+01	4.786369502544403076e-01
3.791409912109375000e+03	1.935050010681152344e+01	2.012522518634796143e-01
3.830460693359375000e+03	1.960120010375976562e+01	2.278858125209808350e-01
3.830463867187500000e+03	1.934480094909667969e+01	2.007052153348922729e-01
3.830466796875000000e+03	1.977309989929199219e+01	2.487783133983612061e-01
3.830469726562500000e+03	1.899659919738769531e+01	1.702810078859329224e-01
3.848336914062500000e+03	1.986549949645996094e+01	2.478087544441223145e-01
3.848345214843750000e+03	1.968470001220703125e+01	2.259903550148010254e-01
3.848353515625000000e+03	1.939030075073242188e+01	1.952365040779113770e-01
3.848361816406250000e+03	1.918370056152343750e+01	1.768200844526290894e-01
3.853306640625000000e+03	1.930559921264648438e+01	1.898311078548431396e-01
3.853315429687500000e+03	1.915430068969726562e+01	1.769398897886276245e-01
3.853321777343750000e+03	1.968379974365234375e+01	2.279988527297973633e-01
3.853328125000000000e+03	1.911499977111816406e+01	1.729301512241363525e-01
3.872357177734375000e+03	1.984760093688964844e+01	2.569058537483215332e-01
3.872362304687500000e+03	1.930290031433105469e+01	1.954027712345123291e-01
3.900199462890625000e+03	1.988969993591308594e+01	2.606327533721923828e-01
3.900199462890625000e+03	1.984320068359375000e+01	2.544029355049133301e-01
3.900204589843750000e+03	1.949349975585937500e+01	2.125740051269531250e-01
3.900209472656250000e+03	1.943510055541992188e+01	2.070496678352355957e-01
3.913209960937500000e+03	1.986969947814941406e+01	2.533971071243286133e-01
3.913217041015625000e+03	2.019919967651367188e+01	3.012959361076354980e-01
3.913224365234375000e+03	2.012730026245117188e+01	2.919341623783111572e-01
3.913231445312500000e+03	1.923209953308105469e+01	1.856212764978408813e-01
3.936178466796875000e+03	1.953610038757324219e+01	2.158502042293548584e-01
3.936183349609375000e+03	1.994750022888183594e+01	2.678951323032379150e-01
3.936188476562500000e+03	1.930190086364746094e+01	1.937200129032135010e-01
3.936193359375000000e+03	1.980260086059570312e+01	2.486601620912551880e-01
3.942198730468750000e+03	1.992280006408691406e+01	2.804134786128997803e-01
3.942213867187500000e+03	1.913179969787597656e+01	1.964242309331893921e-01
4.115517578125000000e+03	2.073690032958984375e+01	4.541758298873901367e-01
4.115520996093750000e+03	1.984420013427734375e+01	2.621418833732604980e-01
4.115524414062500000e+03	1.913850021362304688e+01	1.953057199716567993e-01
4.115527832031250000e+03	1.948360061645507812e+01	2.398077398538589478e-01
4.152519531250000000e+03	1.925860023498535156e+01	1.871908456087112427e-01
4.152524902343750000e+03	1.957629966735839844e+01	2.187517434358596802e-01
4.152529785156250000e+03	2.011750030517578125e+01	2.897700071334838867e-01
4.152534667968750000e+03	2.052599906921386719e+01	3.620489239692687988e-01
4.172441894531250000e+03	1.933329963684082031e+01	1.923333853483200073e-01
4.172446289062500000e+03	1.896850013732910156e+01	1.621958315372467041e-01
4.172450683593750000e+03	1.959740066528320312e+01	2.183156013488769531e-01
4.172455078125000000e+03	1.930489921569824219e+01	1.904785931110382080e-01
4.197341796875000000e+03	1.951110076904296875e+01	2.123925387859344482e-01
4.197347656250000000e+03	1.925289916992187500e+01	1.877238601446151733e-01
4.205277343750000000e+03	1.956819915771484375e+01	2.252893447875976562e-01
4.205282714843750000e+03	1.941690063476562500e+01	2.094673514366149902e-01
4.205287597656250000e+03	2.026309967041015625e+01	3.234730064868927002e-01
4.205292968750000000e+03	1.906520080566406250e+01	1.759889572858810425e-01
4.216366210937500000e+03	1.978389930725097656e+01	2.453916370868682861e-01
4.216375000000000000e+03	1.897030067443847656e+01	1.657238453626632690e-01
4.216383300781250000e+03	2.077459907531738281e+01	4.220827519893646240e-01
4.216383300781250000e+03	2.076090049743652344e+01	4.187431335449218750e-01
4.216392089843750000e+03	2.013969993591308594e+01	2.968564033508300781e-01
4.225233398437500000e+03	1.903269958496093750e+01	1.713724285364151001e-01
4.225246093750000000e+03	2.002409934997558594e+01	2.804557681083679199e-01
4.239178710937500000e+03	1.956850051879882812e+01	2.240144014358520508e-01
4.239183593750000000e+03	1.930780029296875000e+01	1.976788938045501709e-01
4.239188476562500000e+03	2.047220039367675781e+01	3.878574073314666748e-01
4.245236328125000000e+03	1.967140007019042969e+01	2.342990338802337646e-01
4.254234863281250000e+03	1.955340003967285156e+01	2.186126708984375000e-01
4.254249023437500000e+03	1.970660018920898438e+01	2.385233044624328613e-01
5.832736206054687500e+02	1.983919906616210938e+01	1.279157996177673340e-01
5.832802124023437500e+02	1.987100028991699219e+01	1.297663748264312744e-01
5.832868041992187500e+02	1.980990028381347656e+01	1.265561282634735107e-01
5.832934570312500000e+02	1.972150039672851562e+01	1.218295171856880188e-01
5.952224121093750000e+02	1.980450057983398438e+01	1.307269483804702759e-01
5.952335205078125000e+02	1.981389999389648438e+01	1.297696381807327271e-01
5.952446899414062500e+02	1.975329971313476562e+01	1.258597373962402344e-01
5.952560424804687500e+02	1.990119934082031250e+01	1.342311799526214600e-01
8.444912719726562500e+02	2.002779960632324219e+01	1.380916386842727661e-01
8.444981079101562500e+02	1.989329910278320312e+01	1.307303011417388916e-01
8.445049438476562500e+02	1.985580062866210938e+01	1.287440508604049683e-01
8.445117797851562500e+02	1.996980094909667969e+01	1.349113136529922485e-01
5.244324951171875000e+02	1.977239990234375000e+01	1.218117475509643555e-01
5.244390869140625000e+02	1.982390022277832031e+01	1.297467947006225586e-01
5.244458007812500000e+02	1.990749931335449219e+01	1.279899477958679199e-01
5.244527587890625000e+02	1.983989906311035156e+01	1.240710690617561340e-01
5.374540405273437500e+02	2.002440071105957031e+01	1.358688920736312866e-01
5.374621582031250000e+02	1.968230056762695312e+01	1.166312918066978455e-01
5.374701538085937500e+02	1.978599929809570312e+01	1.217382624745368958e-01
5.374782714843750000e+02	1.963269996643066406e+01	1.173921674489974976e-01
4.914439086914062500e+02	1.973030090332031250e+01	1.207622587680816650e-01
4.914519653320312500e+02	1.980170059204101562e+01	1.241394728422164917e-01
4.914600219726562500e+02	1.987400054931640625e+01	1.278387457132339478e-01
4.914681091308593750e+02	1.972179985046386719e+01	1.228441819548606873e-01
5.094515991210937500e+02	1.959790039062500000e+01	1.027421355247497559e-01
5.094598999023437500e+02	1.982530021667480469e+01	1.104918569326400757e-01
5.094682617187500000e+02	1.982279968261718750e+01	1.114657968282699585e-01
5.094765625000000000e+02	1.972710037231445312e+01	1.070014238357543945e-01
5.683244628906250000e+02	1.984919929504394531e+01	1.288328021764755249e-01
5.683314208984375000e+02	1.975029945373535156e+01	1.254057437181472778e-01
5.683381958007812500e+02	1.993460083007812500e+01	1.344814151525497437e-01
5.683450317382812500e+02	1.990010070800781250e+01	1.312450319528579712e-01
6.102621459960937500e+02	1.969280052185058594e+01	1.029675528407096863e-01
6.112186889648437500e+02	1.966169929504394531e+01	1.154727414250373840e-01
6.112249145507812500e+02	1.971529960632324219e+01	1.152782589197158813e-01
6.112312011718750000e+02	1.964620018005371094e+01	1.131985783576965332e-01
6.112375488281250000e+02	1.968070030212402344e+01	1.141126900911331177e-01
6.302357788085937500e+02	1.967239952087402344e+01	1.155705079436302185e-01
6.302420043945312500e+02	1.964959907531738281e+01	1.141165569424629211e-01
6.302481689453125000e+02	1.976339912414550781e+01	1.192050352692604065e-01
6.302543945312500000e+02	1.957239913940429688e+01	1.119777113199234009e-01
9.482681884765625000e+02	1.973310089111328125e+01	1.138740181922912598e-01
9.482744750976562500e+02	1.965430068969726562e+01	1.106623336672782898e-01
9.482808837890625000e+02	1.976370048522949219e+01	1.147782206535339355e-01
9.482871704101562500e+02	1.982690048217773438e+01	1.172812730073928833e-01
9.562592163085937500e+02	1.992429924011230469e+01	1.224943697452545166e-01
9.562679443359375000e+02	1.971299934387207031e+01	1.122429221868515015e-01
9.562768554687500000e+02	1.980229949951171875e+01	1.165508329868316650e-01
9.562856445312500000e+02	1.984760093688964844e+01	1.188748925924301147e-01
9.612389526367187500e+02	1.982419967651367188e+01	1.195037886500358582e-01
9.612455444335937500e+02	1.981819915771484375e+01	1.186895519495010376e-01
9.612521972656250000e+02	1.980890083312988281e+01	1.187877878546714783e-01
9.612587890625000000e+02	1.979260063171386719e+01	1.177032738924026489e-01
1.205473266601562500e+03	1.970969963073730469e+01	1.166228055953979492e-01
1.205479858398437500e+03	1.998450088500976562e+01	1.295548230409622192e-01
1.205486694335937500e+03	1.999609947204589844e+01	1.292801946401596069e-01
1.205493408203125000e+03	2.006049919128417969e+01	1.328020244836807251e-01
8.924412231445312500e+02	1.977140045166015625e+01	1.624190062284469604e-01
8.924479370117187500e+02	1.972249984741210938e+01	1.572215557098388672e-01
8.924546508789062500e+02	2.051490020751953125e+01	2.564187645912170410e-01
8.924613037109375000e+02	1.985869979858398438e+01	2.357400059700012207e-01
8.983914184570312500e+02	2.003569984436035156e+01	1.413294523954391479e-01
8.983967285156250000e+02	1.953129959106445312e+01	1.148914247751235962e-01
8.984020385742187500e+02	1.989080047607421875e+01	1.322458088397979736e-01
8.984074707031250000e+02	2.003759956359863281e+01	1.402992755174636841e-01
8.685196533203125000e+02	1.974629974365234375e+01	1.232831999659538269e-01
8.685252075195312500e+02	1.982640075683593750e+01	1.267609149217605591e-01
8.685306396484375000e+02	1.963369941711425781e+01	1.183449625968933105e-01
8.685361328125000000e+02	1.984099960327148438e+01	1.277710795402526855e-01
9.194272460937500000e+02	1.970499992370605469e+01	1.132023185491561890e-01
9.194334106445312500e+02	1.950440025329589844e+01	1.054059565067291260e-01
9.194396362304687500e+02	1.962849998474121094e+01	1.102391034364700317e-01
9.194458007812500000e+02	1.981900024414062500e+01	1.178424134850502014e-01
9.362636718750000000e+02	1.981380081176757812e+01	1.183765307068824768e-01
9.362703247070312500e+02	1.983449935913085938e+01	1.190822347998619080e-01
9.362769165039062500e+02	1.966959953308105469e+01	1.119794994592666626e-01
9.362834472656250000e+02	1.992600059509277344e+01	1.235534325242042542e-01
9.802055664062500000e+02	1.970499992370605469e+01	1.143554598093032837e-01
9.802131347656250000e+02	1.980050086975097656e+01	1.187374889850616455e-01
9.802205200195312500e+02	1.980960083007812500e+01	1.193773746490478516e-01
9.802278442382812500e+02	1.982729911804199219e+01	1.200795546174049377e-01
1.175500976562500000e+03	1.976849937438964844e+01	1.074418053030967712e-01
1.175505004882812500e+03	1.985650062561035156e+01	1.108169257640838623e-01
1.175509155273437500e+03	1.982049942016601562e+01	1.090059131383895874e-01
1.175513061523437500e+03	1.986129951477050781e+01	1.100747659802436829e-01
1.310241699218750000e+03	1.966469955444335938e+01	1.167566701769828796e-01
1.310247680664062500e+03	1.973240089416503906e+01	1.189806759357452393e-01
1.310253662109375000e+03	1.978420066833496094e+01	1.214435845613479614e-01
1.310259643554687500e+03	1.979599952697753906e+01	1.226322427392005920e-01
1.331232788085937500e+03	1.961030006408691406e+01	1.115287989377975464e-01
1.331238281250000000e+03	1.966769981384277344e+01	1.143593639135360718e-01
1.331244018554687500e+03	1.962360000610351562e+01	1.122825741767883301e-01
1.331249511718750000e+03	1.964369964599609375e+01	1.130421236157417297e-01
1.557506958007812500e+03	1.999329948425292969e+01	1.317157745361328125e-01
1.557512573242187500e+03	1.989649963378906250e+01	1.271593719720840454e-01
1.557518188476562500e+03	2.009020042419433594e+01	1.374018341302871704e-01
1.557523803710937500e+03	1.989800071716308594e+01	1.263967901468276978e-01
1.581488159179687500e+03	1.997400093078613281e+01	1.292416155338287354e-01
1.581494384765625000e+03	1.992609977722167969e+01	1.274044811725616455e-01
1.581500610351562500e+03	2.005909919738769531e+01	1.343691498041152954e-01
1.581506713867187500e+03	2.015509986877441406e+01	1.393651962280273438e-01
1.260332275390625000e+03	1.995870018005371094e+01	1.285137832164764404e-01
1.260338378906250000e+03	1.998819923400878906e+01	1.303892582654953003e-01
1.260344482421875000e+03	1.997789955139160156e+01	1.299891471862792969e-01
1.260350585937500000e+03	1.991029930114746094e+01	1.261183619499206543e-01
1.274374267578125000e+03	1.992340087890625000e+01	1.253060549497604370e-01
1.274380859375000000e+03	2.005249977111816406e+01	1.317330896854400635e-01
1.274387573242187500e+03	1.997929954528808594e+01	1.274166405200958252e-01
1.274394287109375000e+03	1.990209960937500000e+01	1.233926117420196533e-01
1.225535888671875000e+03	1.993530082702636719e+01	1.349720805883407593e-01
1.225540771484375000e+03	2.001219940185546875e+01	1.410098224878311157e-01
1.225545776367187500e+03	1.987899971008300781e+01	1.363476365804672241e-01
1.225552368164062500e+03	1.992469978332519531e+01	1.378314346075057983e-01
1.246410400390625000e+03	1.990629959106445312e+01	1.250709146261215210e-01
1.246418823242187500e+03	1.986879920959472656e+01	1.223442032933235168e-01
1.246427124023437500e+03	1.998349952697753906e+01	1.282632946968078613e-01
1.246435668945312500e+03	2.013719940185546875e+01	1.355468332767486572e-01
1.284374023437500000e+03	1.990929985046386719e+01	1.287219077348709106e-01
1.284379394531250000e+03	1.984539985656738281e+01	1.235641837120056152e-01
1.284384887695312500e+03	1.996450042724609375e+01	1.279930472373962402e-01
1.284390380859375000e+03	2.002000045776367188e+01	1.312484443187713623e-01
1.302300170898437500e+03	1.976479911804199219e+01	1.217256039381027222e-01
1.302307739257812500e+03	1.976339912414550781e+01	1.233899369835853577e-01
1.302315307617187500e+03	1.975079917907714844e+01	1.214460879564285278e-01
1.302322875976562500e+03	1.971170043945312500e+01	1.182325109839439392e-01
1.363146606445312500e+03	1.989259910583496094e+01	1.259728074073791504e-01
1.363153198242187500e+03	1.961730003356933594e+01	1.125236079096794128e-01
1.363160034179687500e+03	1.965200042724609375e+01	1.148576140403747559e-01
1.363166748046875000e+03	1.975609970092773438e+01	1.192259415984153748e-01
1.699235717773437500e+03	1.990959930419921875e+01	1.348885595798492432e-01
1.699241210937500000e+03	1.997190093994140625e+01	1.383244842290878296e-01
1.699246582031250000e+03	1.972879981994628906e+01	1.267758011817932129e-01
1.699252075195312500e+03	1.998290061950683594e+01	1.403080672025680542e-01
1.600505737304687500e+03	2.010409927368164062e+01	1.366849839687347412e-01
1.600510864257812500e+03	2.006959915161132812e+01	1.354311257600784302e-01
1.600516113281250000e+03	1.997489929199218750e+01	1.296327710151672363e-01
1.600521362304687500e+03	2.001329994201660156e+01	1.380336582660675049e-01
1.601501220703125000e+03	2.004640007019042969e+01	1.342460662126541138e-01
1.601506958007812500e+03	2.000839996337890625e+01	1.312007009983062744e-01
1.601512817382812500e+03	1.994939994812011719e+01	1.281729638576507568e-01
1.601518554687500000e+03	1.995859909057617188e+01	1.289122551679611206e-01
1.749200927734375000e+03	1.973880004882812500e+01	1.306866407394409180e-01
1.749207763671875000e+03	1.984359931945800781e+01	1.367488503456115723e-01
1.749214843750000000e+03	1.973870086669921875e+01	1.302630901336669922e-01
1.749221801757812500e+03	1.983650016784667969e+01	1.379220932722091675e-01
1.658359741210937500e+03	1.996500015258789062e+01	1.361702978610992432e-01
1.658370239257812500e+03	2.008569908142089844e+01	1.445288658142089844e-01
1.658380615234375000e+03	1.982320022583007812e+01	1.293284893035888672e-01
1.658390869140625000e+03	2.001910018920898438e+01	1.403477042913436890e-01
1.727152465820312500e+03	1.982819938659667969e+01	1.324078440666198730e-01
2.046261230468750000e+03	1.997080039978027344e+01	1.435395181179046631e-01
2.046268432617187500e+03	2.008279991149902344e+01	1.500217467546463013e-01
2.046275512695312500e+03	1.999250030517578125e+01	1.441281735897064209e-01
2.046282592773437500e+03	2.000539970397949219e+01	1.453978866338729858e-01
2.054283203125000000e+03	2.013850021362304688e+01	1.598659455776214600e-01
2.054289062500000000e+03	2.005349922180175781e+01	1.541448682546615601e-01
2.054295166015625000e+03	2.000749969482421875e+01	1.517155766487121582e-01
2.054301025390625000e+03	2.010050010681152344e+01	1.578243672847747803e-01
1.962482788085937500e+03	2.053490066528320312e+01	1.764226704835891724e-01
1.962491210937500000e+03	2.026910018920898438e+01	1.557301282882690430e-01
1.962499511718750000e+03	2.061280059814453125e+01	1.834703385829925537e-01
2.113181640625000000e+03	2.015019989013671875e+01	1.512784063816070557e-01
2.024347412109375000e+03	1.988999938964843750e+01	1.390320360660552979e-01
2.024352172851562500e+03	2.002440071105957031e+01	1.466525942087173462e-01
2.024356933593750000e+03	2.010919952392578125e+01	1.519800722599029541e-01
2.024361816406250000e+03	2.004369926452636719e+01	1.475802958011627197e-01
2.074159912109375000e+03	1.993549919128417969e+01	1.343728750944137573e-01
2.074166503906250000e+03	2.001259994506835938e+01	1.389937847852706909e-01
2.074173095703125000e+03	1.989999961853027344e+01	1.321055293083190918e-01
2.074179443359375000e+03	2.004089927673339844e+01	1.399184763431549072e-01
2.278494384765625000e+03	2.032110023498535156e+01	1.558912247419357300e-01
2.278499023437500000e+03	2.096190071105957031e+01	2.077555060386657715e-01
2.278503662109375000e+03	1.998030090332031250e+01	1.335530281066894531e-01
2.278508300781250000e+03	2.052829933166503906e+01	1.685813516378402710e-01
2.353410888671875000e+03	2.041379928588867188e+01	1.589579284191131592e-01
2.353418457031250000e+03	2.058489990234375000e+01	1.710416078567504883e-01
2.353426025390625000e+03	2.026880073547363281e+01	1.502417623996734619e-01
2.353433593750000000e+03	2.036319923400878906e+01	1.562217026948928833e-01
2.399331542968750000e+03	2.045969963073730469e+01	1.644534617662429810e-01
2.399336669921875000e+03	2.021039962768554688e+01	1.487855911254882812e-01
2.399342041015625000e+03	2.043429946899414062e+01	1.635434627532958984e-01
2.399347167968750000e+03	2.028569984436035156e+01	1.542815268039703369e-01
1.727173339843750000e+03	1.983629989624023438e+01	1.333383470773696899e-01
1.727180175781250000e+03	1.987190055847167969e+01	1.358416229486465454e-01
1.727187133789062500e+03	1.973959922790527344e+01	1.289313584566116333e-01
1.727194213867187500e+03	1.971360015869140625e+01	1.268264800310134888e-01
2.704524414062500000e+03	2.040019989013671875e+01	1.617894619703292847e-01
2.704529052734375000e+03	2.027440071105957031e+01	1.551233232021331787e-01
2.704533691406250000e+03	2.050939941406250000e+01	1.685304939746856689e-01
2.704538574218750000e+03	2.036109924316406250e+01	1.586409360170364380e-01
2.758370361328125000e+03	2.026959991455078125e+01	1.533825844526290894e-01
2.758375732421875000e+03	2.037000083923339844e+01	1.611973792314529419e-01
2.758380859375000000e+03	2.037319946289062500e+01	1.599648296833038330e-01
2.758385986328125000e+03	2.041650009155273438e+01	1.647111028432846069e-01
2.812213867187500000e+03	2.028739929199218750e+01	1.777456849813461304e-01
2.812218994140625000e+03	2.024629974365234375e+01	1.745656579732894897e-01
2.812224121093750000e+03	2.054089927673339844e+01	1.941532641649246216e-01
2.812229492187500000e+03	2.024349975585937500e+01	1.731805354356765747e-01
2.841169677734375000e+03	2.053030014038085938e+01	1.756855547428131104e-01
2.841176513671875000e+03	2.022540092468261719e+01	1.527535468339920044e-01
2.841183593750000000e+03	2.051910018920898438e+01	1.753838956356048584e-01
2.841190429687500000e+03	2.064030075073242188e+01	1.863055676221847534e-01
3.061472167968750000e+03	2.020459938049316406e+01	2.083495706319808960e-01
3.061478027343750000e+03	2.002849960327148438e+01	1.571019738912582397e-01
3.061483886718750000e+03	2.029070091247558594e+01	1.707395166158676147e-01
3.061489746093750000e+03	2.021059989929199219e+01	1.686152964830398560e-01
3.117372558593750000e+03	1.989649963378906250e+01	1.584148854017257690e-01
3.117377929687500000e+03	1.991729927062988281e+01	1.598871201276779175e-01
3.117383544921875000e+03	2.005459976196289062e+01	1.701145172119140625e-01
3.117388916015625000e+03	2.002680015563964844e+01	1.679744869470596313e-01
3.134235351562500000e+03	2.011009979248046875e+01	1.745179146528244019e-01
3.134244384765625000e+03	1.989329910278320312e+01	1.581899821758270264e-01
3.134253417968750000e+03	2.000279998779296875e+01	1.661495417356491089e-01
3.134262451171875000e+03	1.990329933166503906e+01	1.588957309722900391e-01
3.137270751953125000e+03	2.001320075988769531e+01	1.669384986162185669e-01
3.137275878906250000e+03	2.004890060424804688e+01	1.696703732013702393e-01
3.137281005859375000e+03	1.985000038146972656e+01	1.551868021488189697e-01
3.137286376953125000e+03	2.012280082702636719e+01	1.755491048097610474e-01
3.144214111328125000e+03	1.996209907531738281e+01	1.631252467632293701e-01
3.144221435546875000e+03	1.983979988098144531e+01	1.544935703277587891e-01
3.144228515625000000e+03	1.996540069580078125e+01	1.633681356906890869e-01
3.144235839843750000e+03	1.990920066833496094e+01	1.593050211668014526e-01
3.179180419921875000e+03	1.987829971313476562e+01	1.571418046951293945e-01
3.179187744140625000e+03	1.990099906921386719e+01	1.587302982807159424e-01
3.179194580078125000e+03	1.986260032653808594e+01	1.560529172420501709e-01
3.179201660156250000e+03	2.002930068969726562e+01	1.681675314903259277e-01
3.208197265625000000e+03	1.996439933776855469e+01	1.425000876188278198e-01
3.208205566406250000e+03	1.976899909973144531e+01	1.314641386270523071e-01
3.208213867187500000e+03	2.014130020141601562e+01	1.537620425224304199e-01
3.208222167968750000e+03	2.004339981079101562e+01	1.473740488290786743e-01
3.216183349609375000e+03	2.037080001831054688e+01	1.974201500415802002e-01
3.216188476562500000e+03	1.993140029907226562e+01	1.609005481004714966e-01
3.216193847656250000e+03	2.017690086364746094e+01	1.800267845392227173e-01
3.216198974609375000e+03	2.044910049438476562e+01	2.050905972719192505e-01
3.408468505859375000e+03	1.955599975585937500e+01	1.369049698114395142e-01
3.408476318359375000e+03	1.947410011291503906e+01	1.323937326669692993e-01
3.408484375000000000e+03	1.953739929199218750e+01	1.358572095632553101e-01
3.408492431640625000e+03	1.945429992675781250e+01	1.313372999429702759e-01
3.534190917968750000e+03	1.936730003356933594e+01	1.268593221902847290e-01
3.534196044921875000e+03	1.973690032958984375e+01	1.477449834346771240e-01
3.534201171875000000e+03	1.934840011596679688e+01	1.259176731109619141e-01
3.534206298828125000e+03	1.969659996032714844e+01	1.452175378799438477e-01
3.550180419921875000e+03	1.980559921264648438e+01	1.522047072649002075e-01
3.550186767578125000e+03	1.968650054931640625e+01	1.445976793766021729e-01
3.550192871093750000e+03	1.979249954223632812e+01	1.513364464044570923e-01
3.550199218750000000e+03	1.940900039672851562e+01	1.289727687835693359e-01
3.772507080078125000e+03	1.920999908447265625e+01	1.193680316209793091e-01
3.772511718750000000e+03	1.936759948730468750e+01	1.268772482872009277e-01
3.772516357421875000e+03	1.940579986572265625e+01	1.288137733936309814e-01
3.772520996093750000e+03	1.921489906311035156e+01	1.195907220244407654e-01
3.792437255859375000e+03	1.929389953613281250e+01	1.232672184705734253e-01
3.792445312500000000e+03	1.938920021057128906e+01	1.279652118682861328e-01
3.792453613281250000e+03	1.938389968872070312e+01	1.276912987232208252e-01
3.792461914062500000e+03	1.927029991149902344e+01	1.221536844968795776e-01
3.815465576171875000e+03	1.917359924316406250e+01	1.007938385009765625e-01
3.815473144531250000e+03	1.925399971008300781e+01	1.035444587469100952e-01
3.815480712890625000e+03	1.917600059509277344e+01	1.008748933672904968e-01
3.815491943359375000e+03	1.922170066833496094e+01	1.024219989776611328e-01
3.853333007812500000e+03	1.968680000305175781e+01	1.220486536622047424e-01
3.853338134765625000e+03	1.971649932861328125e+01	1.229256838560104370e-01
3.853343261718750000e+03	1.982180023193359375e+01	1.287947446107864380e-01
3.853348144531250000e+03	1.970159912109375000e+01	1.226687654852867126e-01
3.874207519531250000e+03	1.962260055541992188e+01	1.208431944251060486e-01
3.874212158203125000e+03	1.968409919738769531e+01	1.237637698650360107e-01
3.874217041015625000e+03	1.986680030822753906e+01	1.332767307758331299e-01
3.874221679687500000e+03	1.963509941101074219e+01	1.213709935545921326e-01
3.902180664062500000e+03	1.965699958801269531e+01	1.286808103322982788e-01
3.902185546875000000e+03	1.960440063476562500e+01	1.488019675016403198e-01
3.902190185546875000e+03	1.982069969177246094e+01	1.334291547536849976e-01
3.902194824218750000e+03	1.967230033874511719e+01	1.261738538742065430e-01
3.962153808593750000e+03	1.930279922485351562e+01	1.196519657969474792e-01
3.962158935546875000e+03	1.955330085754394531e+01	1.280116140842437744e-01
3.962164062500000000e+03	1.961669921875000000e+01	1.266123950481414795e-01
3.962169189453125000e+03	1.952199935913085938e+01	1.382828056812286377e-01
4.141541503906250000e+03	1.976420021057128906e+01	1.169361621141433716e-01
4.141545898437500000e+03	1.967300033569335938e+01	1.131873726844787598e-01
4.141550292968750000e+03	1.976250076293945312e+01	1.170607730746269226e-01
4.141555175781250000e+03	1.966930007934570312e+01	1.129883304238319397e-01
4.152513671875000000e+03	1.985560035705566406e+01	1.215490326285362244e-01
4.152519531250000000e+03	1.972550010681152344e+01	1.157465428113937378e-01
4.152525878906250000e+03	1.986910057067871094e+01	1.224010735750198364e-01
4.152531738281250000e+03	1.975440025329589844e+01	1.172357276082038879e-01
4.177524414062500000e+03	1.980789947509765625e+01	1.201490312814712524e-01
4.177528808593750000e+03	1.979319953918457031e+01	1.199220418930053711e-01
4.177533203125000000e+03	1.983480072021484375e+01	1.217534467577934265e-01
4.177537597656250000e+03	1.986829948425292969e+01	1.231290847063064575e-01
4.184415039062500000e+03	1.980209922790527344e+01	1.063763424754142761e-01
4.184421875000000000e+03	1.991589927673339844e+01	1.108749285340309143e-01
4.184432617187500000e+03	1.973240089416503906e+01	1.040644422173500061e-01
4.184439453125000000e+03	1.984910011291503906e+01	1.104296892881393433e-01
4.215374023437500000e+03	1.970750045776367188e+01	1.171729713678359985e-01
4.215377929687500000e+03	1.980830001831054688e+01	1.216422319412231445e-01
4.215381835937500000e+03	1.970599937438964844e+01	1.170564666390419006e-01
4.215386230468750000e+03	1.966990089416503906e+01	1.157301217317581177e-01
4.217226562500000000e+03	1.954980087280273438e+01	1.111582890152931213e-01
4.217232421875000000e+03	1.959440040588378906e+01	1.129568442702293396e-01
4.217238769531250000e+03	1.976790046691894531e+01	1.205086261034011841e-01
4.217244628906250000e+03	1.963870048522949219e+01	1.145355552434921265e-01
4.225310058593750000e+03	1.982150077819824219e+01	1.225047484040260315e-01
4.225316406250000000e+03	1.967830085754394531e+01	1.159547343850135803e-01
4.225322265625000000e+03	1.971380043029785156e+01	1.175823733210563660e-01
4.225328613281250000e+03	1.982439994812011719e+01	1.222848594188690186e-01
4.239183593750000000e+03	1.980559921264648438e+01	1.244256570935249329e-01
4.239187988281250000e+03	1.967630004882812500e+01	1.286871284246444702e-01
4.239192871093750000e+03	1.946590042114257812e+01	1.251840144395828247e-01
4.239197265625000000e+03	1.983419990539550781e+01	1.388496458530426025e-01
4.262195800781250000e+03	1.970240020751953125e+01	1.199577674269676208e-01
4.262204101562500000e+03	1.986170005798339844e+01	1.272529661655426025e-01
4.262208496093750000e+03	1.950149917602539062e+01	1.112499833106994629e-01
4.262212890625000000e+03	1.965789985656738281e+01	1.179111301898956299e-01
5.005500000000000000e+03	1.935860061645507812e+01	8.970811963081359863e-02
5.692500000000000000e+03	2.031229972839355469e+01	1.204673796892166138e-01
5.647500000000000000e+03	2.033449935913085938e+01	1.189116388559341431e-01
5.331500000000000000e+03	1.999180030822753906e+01	1.163737997412681580e-01
5.355500000000000000e+03	1.994689941406250000e+01	1.150491014122962952e-01
4.612500000000000000e+03	1.952729988098144531e+01	1.049535796046257019e-01
4.896500000000000000e+03	1.965329933166503906e+01	9.609659016132354736e-02
5.277500000000000000e+03	1.997620010375976562e+01	1.144766956567764282e-01
5.705500000000000000e+03	2.027169990539550781e+01	1.199839934706687927e-01
5.331500000000000000e+03	2.007869911193847656e+01	1.193073838949203491e-01
5.692500000000000000e+03	2.054470062255859375e+01	1.317746490240097046e-01
5.277500000000000000e+03	2.020969963073730469e+01	1.254857182502746582e-01
5.705500000000000000e+03	2.047220039367675781e+01	1.297141760587692261e-01
4.948500000000000000e+03	1.938190078735351562e+01	8.831603080034255981e-02
5.311500000000000000e+03	2.016600036621093750e+01	1.224969625473022461e-01
5.217500000000000000e+03	1.985779953002929688e+01	1.066623479127883911e-01
4.598500000000000000e+03	1.931669998168945312e+01	9.327141940593719482e-02
5.217500000000000000e+03	1.991180038452148438e+01	1.078737601637840271e-01
4.833500000000000000e+03	1.992700004577636719e+01	1.008704453706741333e-01
4.974500000000000000e+03	1.961800003051757812e+01	9.634084254503250122e-02
5.349500000000000000e+03	2.015279960632324219e+01	1.220742315053939819e-01
5.331500000000000000e+03	1.996960067749023438e+01	1.148437038064002991e-01
5.627500000000000000e+03	2.028179931640625000e+01	1.183089315891265869e-01
5.322500000000000000e+03	1.982139968872070312e+01	1.071213930845260620e-01
4.974500000000000000e+03	1.961759948730468750e+01	9.644711017608642578e-02
4.598500000000000000e+03	1.929400062561035156e+01	9.372957050800323486e-02
5.311500000000000000e+03	1.993470001220703125e+01	1.121296957135200500e-01
4.926500000000000000e+03	1.992650032043457031e+01	1.058395281434059143e-01
5.277500000000000000e+03	2.010269927978515625e+01	1.199792176485061646e-01
4.948500000000000000e+03	1.965880012512207031e+01	9.700385481119155884e-02
4.896500000000000000e+03	1.958979988098144531e+01	9.388148039579391479e-02
5.005500000000000000e+03	1.944840049743652344e+01	9.205441176891326904e-02
4.511500000000000000e+03	1.936709976196289062e+01	9.297946095466613770e-02
4.926500000000000000e+03	1.935790061950683594e+01	8.737050741910934448e-02
4.626500000000000000e+03	1.953280067443847656e+01	1.012768894433975220e-01
4.833500000000000000e+03	1.966850090026855469e+01	9.390104562044143677e-02
4.581500000000000000e+03	1.928870010375976562e+01	9.360663592815399170e-02
5.715500000000000000e+03	2.032729911804199219e+01	1.218701601028442383e-01
5.337500000000000000e+03	2.007040023803710938e+01	1.199196651577949524e-01
5.355500000000000000e+03	1.997850036621093750e+01	1.162375882267951965e-01
4.896500000000000000e+03	1.977429962158203125e+01	9.920001775026321411e-02
5.005500000000000000e+03	1.954439926147460938e+01	9.459836035966873169e-02
4.612500000000000000e+03	1.945569992065429688e+01	1.018070206046104431e-01
4.639500000000000000e+03	1.956879997253417969e+01	1.043582931160926819e-01
4.598500000000000000e+03	1.938969993591308594e+01	9.627949446439743042e-02
4.646500000000000000e+03	1.962369918823242188e+01	1.050151810050010681e-01
5.322500000000000000e+03	2.012669944763183594e+01	1.189162358641624451e-01
5.715500000000000000e+03	2.026779937744140625e+01	1.192189678549766541e-01
4.626500000000000000e+03	1.932740020751953125e+01	9.476084262132644653e-02
4.982500000000000000e+03	1.957279968261718750e+01	9.588058292865753174e-02
4.581500000000000000e+03	1.933740043640136719e+01	9.479038417339324951e-02
5.322500000000000000e+03	2.008250045776367188e+01	1.180334463715553284e-01
5.627500000000000000e+03	2.028429985046386719e+01	1.173638626933097839e-01
4.982500000000000000e+03	1.947450065612792969e+01	9.299957007169723511e-02
5.390500000000000000e+03	2.003260040283203125e+01	1.146733909845352173e-01
5.311500000000000000e+03	1.990130043029785156e+01	1.108442023396492004e-01
4.948500000000000000e+03	1.949679946899414062e+01	9.046395123004913330e-02
5.293500000000000000e+03	1.985969924926757812e+01	1.083366870880126953e-01
5.390500000000000000e+03	2.017469978332519531e+01	1.209588497877120972e-01
5.647500000000000000e+03	2.042720031738281250e+01	1.233018487691879272e-01
5.692500000000000000e+03	2.032040023803710938e+01	1.208088248968124390e-01
5.675500000000000000e+03	2.034269905090332031e+01	1.223441958427429199e-01
5.311500000000000000e+03	1.991259956359863281e+01	1.116323769092559814e-01
4.833500000000000000e+03	1.970669937133789062e+01	9.500264376401901245e-02
4.639500000000000000e+03	1.944519996643066406e+01	1.001412868499755859e-01
4.926500000000000000e+03	1.955559921264648438e+01	9.221635013818740845e-02
5.293500000000000000e+03	2.034090042114257812e+01	1.302200257778167725e-01
4.581500000000000000e+03	1.947419929504394531e+01	9.894788265228271484e-02
5.627500000000000000e+03	2.029319953918457031e+01	1.177826970815658569e-01
4.612500000000000000e+03	1.941160011291503906e+01	1.005974933505058289e-01
