4.792500000000000000e+03	2.022089958190917969e+01	1.190406382083892822e-01
4.800500000000000000e+03	2.042659950256347656e+01	1.238396242260932922e-01
4.404500000000000000e+03	2.054820060729980469e+01	1.371626555919647217e-01
4.414500000000000000e+03	2.069610023498535156e+01	2.533346414566040039e-01
4.404500000000000000e+03	2.064660072326660156e+01	1.411040723323822021e-01
4.414500000000000000e+03	2.011969947814941406e+01	1.902238130569458008e-01
4.468500000000000000e+03	2.023800086975097656e+01	1.236503273248672485e-01
4.404500000000000000e+03	2.056489944458007812e+01	1.423047930002212524e-01
4.792500000000000000e+03	2.030699920654296875e+01	1.207133084535598755e-01
4.414500000000000000e+03	2.068420028686523438e+01	2.507523596286773682e-01
4.800500000000000000e+03	2.014310073852539062e+01	1.106657236814498901e-01
2.851438232421875000e+03	2.073229980468750000e+01	5.739362835884094238e-01
1.216122192382812500e+03	2.068680000305175781e+01	4.036710858345031738e-01
3.049116943359375000e+03	1.992320060729980469e+01	2.814331650733947754e-01
3.049104736328125000e+03	2.021769905090332031e+01	3.252144753932952881e-01
1.794390014648437500e+03	1.973670005798339844e+01	3.130913674831390381e-01
2.643186767578125000e+03	1.962089920043945312e+01	2.326677143573760986e-01
2.973231445312500000e+03	1.996430015563964844e+01	2.871524393558502197e-01
2.937207519531250000e+03	2.082880020141601562e+01	4.008331298828125000e-01
2.279203613281250000e+03	2.063820075988769531e+01	5.161456465721130371e-01
2.575381591796875000e+03	2.031439971923828125e+01	3.345538675785064697e-01
2.937221679687500000e+03	2.007469940185546875e+01	2.637127041816711426e-01
3.017247314453125000e+03	1.943099975585937500e+01	1.905041337013244629e-01
2.635169433593750000e+03	2.052799987792968750e+01	3.826144337654113770e-01
2.994142089843750000e+03	2.097220039367675781e+01	4.154753088951110840e-01
2.575388427734375000e+03	2.105550003051757812e+01	5.099460482597351074e-01
1.551118652343750000e+03	2.101899909973144531e+01	4.709997773170471191e-01
1.551145874023437500e+03	2.024060058593750000e+01	3.049034476280212402e-01
2.600335449218750000e+03	2.015660095214843750e+01	3.128585219383239746e-01
7.453164062500000000e+02	2.111300086975097656e+01	5.030695796012878418e-01
2.643181640625000000e+03	2.035330009460449219e+01	3.429487943649291992e-01
3.344185058593750000e+03	1.976539993286132812e+01	2.566457092761993408e-01
1.794400146484375000e+03	2.030789947509765625e+01	4.259115457534790039e-01
3.301372558593750000e+03	2.019709968566894531e+01	3.382039666175842285e-01
1.156175659179687500e+03	2.040259933471679688e+01	3.492335975170135498e-01
4.139141113281250000e+03	2.091620063781738281e+01	4.743117094039916992e-01
3.709184082031250000e+03	1.981229972839355469e+01	2.538985311985015869e-01
4.034312255859375000e+03	2.058449935913085938e+01	4.031942188739776611e-01
4.050296386718750000e+03	2.120669937133789062e+01	4.371015429496765137e-01
4.050303222656250000e+03	2.012660026550292969e+01	2.532722353935241699e-01
4.034327392578125000e+03	2.084099960327148438e+01	4.748698472976684570e-01
4.034322265625000000e+03	2.062960052490234375e+01	4.085270762443542480e-01
4.118088867187500000e+03	2.090649986267089844e+01	5.184937119483947754e-01
3.736147216796875000e+03	1.982950019836425781e+01	2.561601102352142334e-01
4.118101074218750000e+03	1.963909912109375000e+01	2.554528713226318359e-01
4.083131103515625000e+03	2.031430053710937500e+01	3.315621018409729004e-01
4.800500000000000000e+03	2.043110084533691406e+01	1.232885196805000305e-01
4.468500000000000000e+03	2.027099990844726562e+01	1.247815489768981934e-01
4.468500000000000000e+03	2.017320060729980469e+01	1.197559088468551636e-01
4.468500000000000000e+03	2.035280036926269531e+01	1.284509897232055664e-01
4.792500000000000000e+03	2.037330055236816406e+01	1.244339495897293091e-01
4.414500000000000000e+03	2.083749961853027344e+01	2.730985581874847412e-01
4.404500000000000000e+03	2.066539955139160156e+01	1.430257558822631836e-01
4.792500000000000000e+03	2.029929924011230469e+01	1.192282661795616150e-01
7.632017822265625000e+02	2.150489997863769531e+01	3.005167245864868164e-01
1.201131835937500000e+03	2.120159912109375000e+01	2.351404577493667603e-01
1.201145141601562500e+03	2.023480033874511719e+01	1.480120271444320679e-01
1.553189208984375000e+03	2.174469947814941406e+01	3.398138880729675293e-01
1.553195922851562500e+03	2.221269989013671875e+01	4.536813199520111084e-01
1.553202758789062500e+03	2.127869987487792969e+01	2.829399406909942627e-01
1.491277099609375000e+03	2.133320045471191406e+01	2.729423642158508301e-01
1.491282104492187500e+03	2.171660041809082031e+01	3.299251198768615723e-01
1.491286987304687500e+03	2.122620010375976562e+01	2.540873289108276367e-01
1.520308837890625000e+03	2.143720054626464844e+01	2.761983871459960938e-01
1.520314819335937500e+03	2.189060020446777344e+01	3.546857237815856934e-01
1.520320922851562500e+03	2.090769958496093750e+01	2.135809212923049927e-01
1.520327026367187500e+03	2.174010086059570312e+01	3.278445005416870117e-01
2.307129638671875000e+03	2.058320045471191406e+01	1.859741806983947754e-01
2.307135253906250000e+03	2.047710037231445312e+01	1.762546747922897339e-01
2.307141113281250000e+03	2.038430023193359375e+01	1.707129627466201782e-01
2.307146728515625000e+03	2.065699958801269531e+01	1.987542808055877686e-01
2.959330566406250000e+03	2.053260040283203125e+01	1.908628642559051514e-01
2.959340332031250000e+03	2.053619956970214844e+01	1.905169039964675903e-01
2.959349853515625000e+03	2.060770034790039062e+01	1.968916952610015869e-01
2.959359619140625000e+03	2.045669937133789062e+01	1.841514557600021362e-01
3.063106445312500000e+03	2.030850028991699219e+01	1.761068850755691528e-01
3.063112792968750000e+03	2.008849906921386719e+01	1.590825766324996948e-01
3.063118652343750000e+03	2.046419906616210938e+01	1.903510689735412598e-01
3.063124511718750000e+03	2.053870010375976562e+01	1.966079622507095337e-01
3.076119140625000000e+03	2.135449981689453125e+01	3.173698782920837402e-01
3.076122314453125000e+03	2.020770072937011719e+01	1.782351285219192505e-01
3.076125488281250000e+03	2.044499969482421875e+01	2.020664066076278687e-01
3.076128662109375000e+03	2.039730072021484375e+01	1.904020458459854126e-01
3.317283935546875000e+03	2.058349990844726562e+01	1.868422627449035645e-01
3.317293457031250000e+03	2.060160064697265625e+01	2.211590707302093506e-01
3.317302978515625000e+03	2.037820053100585938e+01	1.981271058320999146e-01
3.317312744140625000e+03	2.075340080261230469e+01	2.388098090887069702e-01
3.674302734375000000e+03	2.060540008544921875e+01	2.215718626976013184e-01
3.674308837890625000e+03	2.029549980163574219e+01	1.904020458459854126e-01
3.674314941406250000e+03	2.029500007629394531e+01	1.903638094663619995e-01
3.674321044921875000e+03	1.997260093688964844e+01	1.638961285352706909e-01
4.089197998046875000e+03	2.079450035095214844e+01	1.894661337137222290e-01
4.089206054687500000e+03	2.016200065612792969e+01	1.518740653991699219e-01
4.089214355468750000e+03	2.238229942321777344e+01	4.372502565383911133e-01
4.800500000000000000e+03	2.013240051269531250e+01	1.102774441242218018e-01
