4.867500000000000000e+03	2.050160026550292969e+01	1.285672634840011597e-01
4.305500000000000000e+03	2.029089927673339844e+01	1.196897253394126892e-01
5.719500000000000000e+03	2.150119972229003906e+01	2.074520587921142578e-01
4.672500000000000000e+03	2.219260025024414062e+01	3.316995501518249512e-01
4.968500000000000000e+03	1.835549926757812500e+01	2.760772407054901123e-01
5.325500000000000000e+03	2.171969985961914062e+01	3.390794098377227783e-01
4.672500000000000000e+03	2.096199989318847656e+01	1.770099103450775146e-01
5.027500000000000000e+03	2.123990058898925781e+01	1.972911804914474487e-01
5.013500000000000000e+03	2.163249969482421875e+01	2.247679978609085083e-01
5.737500000000000000e+03	2.168320083618164062e+01	2.233746647834777832e-01
5.383500000000000000e+03	2.225049972534179688e+01	3.223267495632171631e-01
5.707500000000000000e+03	2.154220008850097656e+01	2.327641248703002930e-01
4.867500000000000000e+03	2.125110054016113281e+01	1.766806393861770630e-01
5.383500000000000000e+03	2.153450012207031250e+01	2.214891165494918823e-01
5.822500000000000000e+03	2.117700004577636719e+01	1.708903312683105469e-01
5.822500000000000000e+03	2.160449981689453125e+01	2.104986011981964111e-01
4.659500000000000000e+03	2.161790084838867188e+01	2.489558160305023193e-01
5.055500000000000000e+03	2.126129913330078125e+01	2.032210528850555420e-01
5.298500000000000000e+03	2.108930015563964844e+01	1.784918308258056641e-01
4.305500000000000000e+03	2.062610054016113281e+01	1.374710500240325928e-01
5.055500000000000000e+03	2.109819984436035156e+01	1.879922300577163696e-01
5.409500000000000000e+03	2.122730064392089844e+01	1.923202127218246460e-01
4.649500000000000000e+03	2.162660026550292969e+01	2.503296434879302979e-01
5.013500000000000000e+03	2.177669906616210938e+01	2.448547631502151489e-01
5.719500000000000000e+03	2.155209922790527344e+01	2.068327367305755615e-01
4.305500000000000000e+03	2.081250000000000000e+01	1.485677212476730347e-01
4.895500000000000000e+03	2.081579971313476562e+01	1.492248028516769409e-01
5.822500000000000000e+03	2.196339988708496094e+01	2.525268197059631348e-01
5.027500000000000000e+03	2.101580047607421875e+01	1.772707849740982056e-01
5.737500000000000000e+03	2.166659927368164062e+01	2.204424440860748291e-01
5.383500000000000000e+03	2.128260040283203125e+01	1.956948488950729370e-01
5.763500000000000000e+03	2.176390075683593750e+01	2.336130142211914062e-01
4.629500000000000000e+03	2.092410087585449219e+01	1.769698858261108398e-01
5.325500000000000000e+03	2.130019950866699219e+01	2.228669524192810059e-01
5.041500000000000000e+03	2.212610054016113281e+01	3.030841052532196045e-01
5.737500000000000000e+03	2.120330047607421875e+01	1.767503172159194946e-01
5.695500000000000000e+03	2.122360038757324219e+01	1.769099086523056030e-01
5.055500000000000000e+03	2.144930076599121094e+01	2.257925122976303101e-01
4.895500000000000000e+03	2.133189964294433594e+01	1.877360194921493530e-01
4.683500000000000000e+03	2.142600059509277344e+01	2.204017043113708496e-01
4.895500000000000000e+03	2.120649909973144531e+01	1.756757944822311401e-01
5.055500000000000000e+03	2.146489906311035156e+01	2.259243428707122803e-01
4.629500000000000000e+03	2.135269927978515625e+01	2.181774079799652100e-01
5.822500000000000000e+03	2.165329933166503906e+01	2.146217674016952515e-01
5.719500000000000000e+03	2.194339942932128906e+01	2.521565556526184082e-01
4.867500000000000000e+03	2.091880035400390625e+01	1.515810191631317139e-01
4.672500000000000000e+03	2.065509986877441406e+01	1.541262567043304443e-01
5.409500000000000000e+03	2.163529968261718750e+01	2.363442927598953247e-01
4.683500000000000000e+03	2.162879943847656250e+01	2.453632950782775879e-01
4.910500000000000000e+03	2.145590019226074219e+01	2.509948611259460449e-01
4.612500000000000000e+03	2.132530021667480469e+01	2.107103317975997925e-01
4.996500000000000000e+03	2.034250068664550781e+01	1.343803554773330688e-01
5.409500000000000000e+03	2.151329994201660156e+01	2.211796492338180542e-01
5.409500000000000000e+03	2.150749969482421875e+01	2.204424440860748291e-01
4.927500000000000000e+03	2.168510055541992188e+01	2.176077812910079956e-01
4.305500000000000000e+03	2.022979927062988281e+01	1.175472959876060486e-01
5.367500000000000000e+03	2.175410079956054688e+01	2.563540041446685791e-01
4.649500000000000000e+03	2.144720077514648438e+01	2.389665246009826660e-01
4.612500000000000000e+03	2.097089958190917969e+01	1.775734275579452515e-01
4.927500000000000000e+03	2.214649963378906250e+01	2.784478068351745605e-01
4.649500000000000000e+03	2.120660018920898438e+01	2.012217342853546143e-01
4.996500000000000000e+03	2.132229995727539062e+01	2.149785757064819336e-01
4.683500000000000000e+03	2.160880088806152344e+01	2.427699267864227295e-01
4.612500000000000000e+03	2.071010017395019531e+01	1.579459011554718018e-01
4.895500000000000000e+03	2.140469932556152344e+01	1.935448944568634033e-01
5.737500000000000000e+03	2.178330039978027344e+01	2.345455437898635864e-01
5.763500000000000000e+03	2.135810089111328125e+01	1.919524669647216797e-01
4.659500000000000000e+03	2.036770057678222656e+01	1.388454139232635498e-01
4.867500000000000000e+03	2.100489997863769531e+01	1.583943963050842285e-01
5.298500000000000000e+03	2.075040054321289062e+01	1.533886790275573730e-01
5.383500000000000000e+03	2.165290069580078125e+01	2.351155728101730347e-01
5.763500000000000000e+03	2.161750030517578125e+01	2.172760218381881714e-01
5.027500000000000000e+03	2.105130004882812500e+01	1.798575669527053833e-01
5.763500000000000000e+03	2.159840011596679688e+01	2.152993977069854736e-01
5.298500000000000000e+03	2.138629913330078125e+01	2.062688022851943970e-01
4.629500000000000000e+03	2.084490013122558594e+01	1.703688502311706543e-01
4.683500000000000000e+03	2.233189964294433594e+01	3.563603460788726807e-01
5.367500000000000000e+03	2.212569999694824219e+01	3.137342631816864014e-01
4.612500000000000000e+03	2.126300048828125000e+01	2.036476433277130127e-01
4.629500000000000000e+03	2.074469947814941406e+01	1.631025373935699463e-01
5.695500000000000000e+03	2.133449935913085938e+01	1.873236298561096191e-01
5.707500000000000000e+03	2.148999977111816406e+01	2.674899995326995850e-01
5.027500000000000000e+03	2.125539970397949219e+01	1.984763592481613159e-01
5.719500000000000000e+03	2.145359992980957031e+01	1.977653950452804565e-01
4.927500000000000000e+03	2.102650070190429688e+01	1.594166457653045654e-01
4.996500000000000000e+03	2.117429924011230469e+01	1.870463490486145020e-01
5.298500000000000000e+03	2.099469947814941406e+01	1.709347814321517944e-01
5.013500000000000000e+03	2.147209930419921875e+01	2.075698971748352051e-01
4.996500000000000000e+03	2.158130073547363281e+01	2.422502934932708740e-01
