4.854500000000000000e+03	1.960759925842285156e+01	9.339821338653564453e-02
5.006500000000000000e+03	1.947299957275390625e+01	9.493797272443771362e-02
4.980500000000000000e+03	1.948530006408691406e+01	9.376373887062072754e-02
4.947500000000000000e+03	1.947060012817382812e+01	9.367921203374862671e-02
4.539500000000000000e+03	1.942060089111328125e+01	1.041636914014816284e-01
4.449500000000000000e+03	1.938660049438476562e+01	9.223134070634841919e-02
4.539500000000000000e+03	1.937430000305175781e+01	1.132696568965911865e-01
4.973500000000000000e+03	1.938109970092773438e+01	9.159039705991744995e-02
4.947500000000000000e+03	1.958489990234375000e+01	9.484796226024627686e-02
5.001500000000000000e+03	1.924430084228515625e+01	9.096477180719375610e-02
4.854500000000000000e+03	1.965810012817382812e+01	9.416921436786651611e-02
4.610500000000000000e+03	1.947120094299316406e+01	9.774816036224365234e-02
4.580500000000000000e+03	1.922069931030273438e+01	8.978480100631713867e-02
4.610500000000000000e+03	1.957620048522949219e+01	1.016323193907737732e-01
4.539500000000000000e+03	1.950779914855957031e+01	1.091107502579689026e-01
4.579500000000000000e+03	1.955349922180175781e+01	1.023254245519638062e-01
5.006500000000000000e+03	1.952260017395019531e+01	9.636758267879486084e-02
4.884500000000000000e+03	1.954669952392578125e+01	9.289181232452392578e-02
4.862500000000000000e+03	1.951740074157714844e+01	9.248377382755279541e-02
4.896500000000000000e+03	1.953100013732910156e+01	9.317257255315780640e-02
4.854500000000000000e+03	1.966780090332031250e+01	9.455532580614089966e-02
4.923500000000000000e+03	1.918700027465820312e+01	8.553334325551986694e-02
4.884500000000000000e+03	1.950399971008300781e+01	9.145457297563552856e-02
4.557500000000000000e+03	1.948679924011230469e+01	9.688812494277954102e-02
4.557500000000000000e+03	1.944560050964355469e+01	9.548378735780715942e-02
4.862500000000000000e+03	1.953359985351562500e+01	9.263579547405242920e-02
4.923500000000000000e+03	1.964679908752441406e+01	9.787479043006896973e-02
4.947500000000000000e+03	1.959830093383789062e+01	9.514186531305313110e-02
4.923500000000000000e+03	1.956520080566406250e+01	9.583801031112670898e-02
4.947500000000000000e+03	1.958760070800781250e+01	9.502258896827697754e-02
4.610500000000000000e+03	1.944989967346191406e+01	9.757295995950698853e-02
4.539500000000000000e+03	1.960009956359863281e+01	1.090487465262413025e-01
4.980500000000000000e+03	1.945260047912597656e+01	9.340431541204452515e-02
5.001500000000000000e+03	1.926869964599609375e+01	9.258255362510681152e-02
5.006500000000000000e+03	1.930410003662109375e+01	8.984564989805221558e-02
4.579500000000000000e+03	1.856030082702636719e+01	7.577747106552124023e-02
4.557500000000000000e+03	1.937750053405761719e+01	9.390261024236679077e-02
4.610500000000000000e+03	1.955719947814941406e+01	1.007263511419296265e-01
4.884500000000000000e+03	1.947509956359863281e+01	9.519632905721664429e-02
4.579500000000000000e+03	1.926029968261718750e+01	9.068015962839126587e-02
4.557500000000000000e+03	1.951339912414550781e+01	9.778165817260742188e-02
4.884500000000000000e+03	1.961739921569824219e+01	9.669673442840576172e-02
4.862500000000000000e+03	1.956189918518066406e+01	9.396536648273468018e-02
4.580500000000000000e+03	1.934119987487792969e+01	9.307201951742172241e-02
4.854500000000000000e+03	1.955669975280761719e+01	9.148672223091125488e-02
4.449500000000000000e+03	1.938640022277832031e+01	9.217359125614166260e-02
4.980500000000000000e+03	1.962339973449707031e+01	9.749443829059600830e-02
4.580500000000000000e+03	1.955640029907226562e+01	9.952402114868164062e-02
4.862500000000000000e+03	1.948830032348632812e+01	9.220779687166213989e-02
4.980500000000000000e+03	1.950449943542480469e+01	9.457723796367645264e-02
4.804776306152343750e+02	1.957509994506835938e+01	2.239715605974197388e-01
4.804867248535156250e+02	2.019829940795898438e+01	3.108992874622344971e-01
4.804958496093750000e+02	1.958600044250488281e+01	2.245950549840927124e-01
4.805049133300781250e+02	1.987100028991699219e+01	2.625232934951782227e-01
2.791633605957031250e+02	2.057460021972656250e+01	3.998993635177612305e-01
2.791698608398437500e+02	1.966340065002441406e+01	2.429072409868240356e-01
2.791829528808593750e+02	2.019580078125000000e+01	3.232811391353607178e-01
2.482678375244140625e+02	1.942530059814453125e+01	2.136362791061401367e-01
2.482741394042968750e+02	2.008180046081542969e+01	3.001035153865814209e-01
2.482867126464843750e+02	1.919879913330078125e+01	1.891907900571823120e-01
4.384693298339843750e+02	1.991990089416503906e+01	2.788210511207580566e-01
4.384800415039062500e+02	1.951390075683593750e+01	2.242289036512374878e-01
4.384907226562500000e+02	1.974220085144042969e+01	2.527125477790832520e-01
4.385013732910156250e+02	1.920509910583496094e+01	1.917172670364379883e-01
4.554401855468750000e+02	1.941099929809570312e+01	2.136178165674209595e-01
4.554472656250000000e+02	1.988080024719238281e+01	2.700618207454681396e-01
4.554544067382812500e+02	1.940679931640625000e+01	2.112604379653930664e-01
4.554615783691406250e+02	1.951950073242187500e+01	2.240572571754455566e-01
5.832481689453125000e+02	1.970919990539550781e+01	2.765628099441528320e-01
5.832557373046875000e+02	1.948089981079101562e+01	2.466487735509872437e-01
5.832633666992187500e+02	1.950720024108886719e+01	2.494608759880065918e-01
5.942042846679687500e+02	1.952000045776367188e+01	2.318293303251266479e-01
5.942123413085937500e+02	1.973909950256347656e+01	2.599216103553771973e-01
5.942203979492187500e+02	2.019440078735351562e+01	3.325277566909790039e-01
5.942284545898437500e+02	1.944820022583007812e+01	2.245518863201141357e-01
8.364133911132812500e+02	1.976749992370605469e+01	2.937579751014709473e-01
8.364234008789062500e+02	1.932729911804199219e+01	2.307180017232894897e-01
8.364334716796875000e+02	1.985429954528808594e+01	2.653119564056396484e-01
8.364479980468750000e+02	1.949110031127929688e+01	2.131213694810867310e-01
8.463913574218750000e+02	1.945039939880371094e+01	1.882373094558715820e-01
8.464037475585937500e+02	1.996870040893554688e+01	2.421685606241226196e-01
8.464161987304687500e+02	1.943400001525878906e+01	1.872391104698181152e-01
8.464285888671875000e+02	1.954850006103515625e+01	1.964101195335388184e-01
5.233787231445312500e+02	2.052980041503906250e+01	4.219477772712707520e-01
5.233857421875000000e+02	1.944729995727539062e+01	2.219246327877044678e-01
5.233927001953125000e+02	1.938479995727539062e+01	2.077217102050781250e-01
5.233997192382812500e+02	1.921430015563964844e+01	1.915609985589981079e-01
5.243602905273437500e+02	1.910939979553222656e+01	1.821438074111938477e-01
5.243678588867187500e+02	1.921680068969726562e+01	1.909657716751098633e-01
5.243754272460937500e+02	1.981189918518066406e+01	2.580202817916870117e-01
5.243829345703125000e+02	1.948970031738281250e+01	2.205647826194763184e-01
5.372675781250000000e+02	1.960250091552734375e+01	2.420053333044052124e-01
5.372752075195312500e+02	1.937179946899414062e+01	2.125195115804672241e-01
5.372827758789062500e+02	1.972120094299316406e+01	2.421141117811203003e-01
5.372903442382812500e+02	1.975609970092773438e+01	2.778700888156890869e-01
5.093492736816406250e+02	1.910409927368164062e+01	1.802709698677062988e-01
5.093557434082031250e+02	1.955150032043457031e+01	2.231415063142776489e-01
5.093622131347656250e+02	1.962059974670410156e+01	2.288636565208435059e-01
5.093686523437500000e+02	1.969709968566894531e+01	2.421413213014602661e-01
5.483120727539062500e+02	1.900659942626953125e+01	4.744975566864013672e-01
5.483123168945312500e+02	2.026189994812011719e+01	1.009955406188964844e+00
5.483125000000000000e+02	1.974869918823242188e+01	7.444002628326416016e-01
5.682360839843750000e+02	1.963339996337890625e+01	2.422775477170944214e-01
5.682441406250000000e+02	1.950250053405761719e+01	2.312361449003219604e-01
5.682521972656250000e+02	2.009040069580078125e+01	3.170672953128814697e-01
5.682603149414062500e+02	1.968759918212890625e+01	2.587491571903228760e-01
6.111760864257812500e+02	1.977129936218261719e+01	2.646331787109375000e-01
6.111840820312500000e+02	2.055620002746582031e+01	4.039100706577301025e-01
6.111921386718750000e+02	1.984129905700683594e+01	2.738441526889801025e-01
6.112001342773437500e+02	1.939550018310546875e+01	2.180591672658920288e-01
6.242290649414062500e+02	1.979360008239746094e+01	2.770509123802185059e-01
6.242339477539062500e+02	1.984589958190917969e+01	2.863850891590118408e-01
6.242388916015625000e+02	2.023139953613281250e+01	3.517265617847442627e-01
6.242438354492187500e+02	1.941979980468750000e+01	2.303200811147689819e-01
6.301736450195312500e+02	1.948640060424804688e+01	2.238646149635314941e-01
6.301785278320312500e+02	1.948019981384277344e+01	2.233322113752365112e-01
6.301834716796875000e+02	1.981450080871582031e+01	2.659959495067596436e-01
6.301884155273437500e+02	1.958119964599609375e+01	2.377987205982208252e-01
6.371607055664062500e+02	1.871439933776855469e+01	1.585723161697387695e-01
6.371699829101562500e+02	1.932659912109375000e+01	2.111714035272598267e-01
6.371793823242187500e+02	2.062319946289062500e+01	4.287055432796478271e-01
6.371887817382812500e+02	1.928580093383789062e+01	2.088115811347961426e-01
8.015108032226562500e+02	1.946400070190429688e+01	2.317341119050979614e-01
9.482229614257812500e+02	1.976329994201660156e+01	2.417611181735992432e-01
9.482294311523437500e+02	1.953140068054199219e+01	2.152426689863204956e-01
9.482359008789062500e+02	1.920109939575195312e+01	1.827529370784759521e-01
9.482423706054687500e+02	1.953129959106445312e+01	2.153751105070114136e-01
9.642259521484375000e+02	1.962260055541992188e+01	2.307180017232894897e-01
9.642355346679687500e+02	2.037269973754882812e+01	3.454703092575073242e-01
1.188533691406250000e+03	1.960549926757812500e+01	2.158883512020111084e-01
1.188535888671875000e+03	1.947330093383789062e+01	2.012980580329895020e-01
1.188538085937500000e+03	1.934889984130859375e+01	1.905041337013244629e-01
1.188540283203125000e+03	1.986179924011230469e+01	2.459892034530639648e-01
1.199436523437500000e+03	1.917090034484863281e+01	1.757050603628158569e-01
1.199441894531250000e+03	1.901129913330078125e+01	1.631479710340499878e-01
1.199447387695312500e+03	1.936420059204101562e+01	1.920310705900192261e-01
1.216477905273437500e+03	1.921750068664550781e+01	1.796362847089767456e-01
1.216484985351562500e+03	2.004360008239746094e+01	2.726307511329650879e-01
1.216492065429687500e+03	1.911560058593750000e+01	1.716603040695190430e-01
1.216499145507812500e+03	1.987179946899414062e+01	2.482480406761169434e-01
8.902592163085937500e+02	1.962579917907714844e+01	2.614183723926544189e-01
8.902663574218750000e+02	1.861520004272460938e+01	1.617453247308731079e-01
8.902734375000000000e+02	1.933530044555664062e+01	2.109936922788619995e-01
8.754339599609375000e+02	1.911639976501464844e+01	1.719589084386825562e-01
8.754409790039062500e+02	2.016460037231445312e+01	2.904705405235290527e-01
8.754480590820312500e+02	1.977039909362792969e+01	2.379276156425476074e-01
8.754551391601562500e+02	1.943510055541992188e+01	1.995807588100433350e-01
9.192355346679687500e+02	1.957469940185546875e+01	2.168683856725692749e-01
9.192436523437500000e+02	1.952930068969726562e+01	2.126649171113967896e-01
9.192517700195312500e+02	1.949830055236816406e+01	2.085545063018798828e-01
9.192598266601562500e+02	1.939979934692382812e+01	1.981997042894363403e-01
9.782329101562500000e+02	1.940670013427734375e+01	2.046703845262527466e-01
9.782621459960937500e+02	1.956340026855468750e+01	2.253984361886978149e-01
9.921853637695312500e+02	1.953980064392089844e+01	2.268316745758056641e-01
9.921945190429687500e+02	1.962310028076171875e+01	2.360415607690811157e-01
9.922036743164062500e+02	1.972789955139160156e+01	2.514820396900177002e-01
9.922128295898437500e+02	1.933810043334960938e+01	2.083666324615478516e-01
1.173481201171875000e+03	1.960510063171386719e+01	2.229513227939605713e-01
1.173487792968750000e+03	1.975550079345703125e+01	2.398870587348937988e-01
1.173494384765625000e+03	1.949769973754882812e+01	2.111535966396331787e-01
1.173501098632812500e+03	1.976770019531250000e+01	2.420869022607803345e-01
1.331221679687500000e+03	1.960510063171386719e+01	2.201781123876571655e-01
1.331228149414062500e+03	1.944459915161132812e+01	2.046220898628234863e-01
1.331234497070312500e+03	1.988800048828125000e+01	2.559344470500946045e-01
1.580410400390625000e+03	1.949189949035644531e+01	2.014662921428680420e-01
1.580417602539062500e+03	1.894540023803710938e+01	1.603411138057708740e-01
1.580425048828125000e+03	2.001499938964843750e+01	2.621418833732604980e-01
1.580432250976562500e+03	1.931979942321777344e+01	1.853172183036804199e-01
1.255374389648437500e+03	1.960339927673339844e+01	1.761856526136398315e-01
1.255383178710937500e+03	1.923850059509277344e+01	1.495962738990783691e-01
1.255391967773437500e+03	1.966349983215332031e+01	1.803881525993347168e-01
1.255400634765625000e+03	1.949990081787109375e+01	1.669057011604309082e-01
1.226488159179687500e+03	1.978800010681152344e+01	2.354896217584609985e-01
1.226494628906250000e+03	1.974040031433105469e+01	2.302500754594802856e-01
1.226501220703125000e+03	1.917589950561523438e+01	1.750164926052093506e-01
1.226507690429687500e+03	1.992309951782226562e+01	2.540243268013000488e-01
1.246449584960937500e+03	1.958429908752441406e+01	2.133048176765441895e-01
1.246464965820312500e+03	1.997949981689453125e+01	2.641717493534088135e-01
1.246472534179687500e+03	1.947450065612792969e+01	2.028912305831909180e-01
1.374158203125000000e+03	1.934350013732910156e+01	1.716783493757247925e-01
1.374165527343750000e+03	1.927029991149902344e+01	1.652543693780899048e-01
1.374172729492187500e+03	1.944029998779296875e+01	1.784403920173645020e-01
1.374180053710937500e+03	1.942989921569824219e+01	1.787808388471603394e-01
1.382168334960937500e+03	2.010149955749511719e+01	3.792605400085449219e-01
1.382174194335937500e+03	1.867480087280273438e+01	1.809563040733337402e-01
1.285289062500000000e+03	1.896439933776855469e+01	1.635663956403732300e-01
1.285295898437500000e+03	1.887919998168945312e+01	1.570422947406768799e-01
1.285302734375000000e+03	1.973760032653808594e+01	2.958130240440368652e-01
1.300227539062500000e+03	1.960939979553222656e+01	2.240358144044876099e-01
1.300234130859375000e+03	1.988089942932128906e+01	2.570036053657531738e-01
1.300240722656250000e+03	2.042440032958984375e+01	3.437834680080413818e-01
1.342167114257812500e+03	1.945219993591308594e+01	2.066829949617385864e-01
1.342176391601562500e+03	1.924060058593750000e+01	1.857974529266357422e-01
1.342185546875000000e+03	1.957570075988769531e+01	2.154698669910430908e-01
1.522501831054687500e+03	1.912350082397460938e+01	1.753160208463668823e-01
1.522507202148437500e+03	1.937240028381347656e+01	1.958763748407363892e-01
1.522512695312500000e+03	1.967510032653808594e+01	2.274578511714935303e-01
1.522518188476562500e+03	1.905699920654296875e+01	1.673171818256378174e-01
1.515509277343750000e+03	1.921759986877441406e+01	1.835041940212249756e-01
1.515511718750000000e+03	1.864839935302734375e+01	1.433341503143310547e-01
1.515514160156250000e+03	1.928969955444335938e+01	1.888050138950347900e-01
1.515516601562500000e+03	1.910639953613281250e+01	1.746516823768615723e-01
1.673263549804687500e+03	2.002400016784667969e+01	2.693463265895843506e-01
1.673271606445312500e+03	1.944820022583007812e+01	2.034735083580017090e-01
1.673279785156250000e+03	1.945059967041015625e+01	2.017733156681060791e-01
1.673287963867187500e+03	1.938220024108886719e+01	1.959323287010192871e-01
1.639281494140625000e+03	1.935989952087402344e+01	1.349189132452011108e-01
1.639291870117187500e+03	1.926989936828613281e+01	1.343317925930023193e-01
1.639302246093750000e+03	1.943160057067871094e+01	1.395846605300903320e-01
1.639312744140625000e+03	1.908860015869140625e+01	1.230708360671997070e-01
1.757163085937500000e+03	2.020089912414550781e+01	4.344478249549865723e-01
1.656233520507812500e+03	1.977300071716308594e+01	2.341269552707672119e-01
1.656238891601562500e+03	1.914710044860839844e+01	1.721225231885910034e-01
1.656244506835937500e+03	1.934280014038085938e+01	1.898058652877807617e-01
1.656249877929687500e+03	1.973480033874511719e+01	2.306476235389709473e-01
1.730172363281250000e+03	1.875699996948242188e+01	1.573948711156845093e-01
1.730177856445312500e+03	1.963380050659179688e+01	2.309766411781311035e-01
1.730188964843750000e+03	1.939640045166015625e+01	2.068994045257568359e-01
1.901468261718750000e+03	1.952899932861328125e+01	2.189309448003768921e-01
1.901474365234375000e+03	1.941270065307617188e+01	2.045255750417709351e-01
1.901486572265625000e+03	1.910050010681152344e+01	1.763138920068740845e-01
2.042274414062500000e+03	1.975259971618652344e+01	2.428522855043411255e-01
2.042280761718750000e+03	1.888479995727539062e+01	1.592214703559875488e-01
2.042287231445312500e+03	1.958810043334960938e+01	2.226985245943069458e-01
2.042293701171875000e+03	1.953549957275390625e+01	2.158692777156829834e-01
2.052270263671875000e+03	1.928809928894042969e+01	1.894912272691726685e-01
2.052278320312500000e+03	1.973320007324218750e+01	2.375415712594985962e-01
2.052286376953125000e+03	1.960180091857910156e+01	2.221747040748596191e-01
2.052294677734375000e+03	1.959129905700683594e+01	2.221121042966842651e-01
2.282451171875000000e+03	1.967760086059570312e+01	2.346691042184829712e-01
2.282463867187500000e+03	1.988660049438476562e+01	2.591827809810638428e-01
2.282470214843750000e+03	1.929999923706054688e+01	1.991218775510787964e-01
2.291489746093750000e+03	1.970980072021484375e+01	2.341023981571197510e-01
2.291503662109375000e+03	1.934169960021972656e+01	1.937469989061355591e-01
2.291510742187500000e+03	1.942219924926757812e+01	2.026879191398620605e-01
2.310375000000000000e+03	1.954439926147460938e+01	2.178232967853546143e-01
2.310389160156250000e+03	1.968199920654296875e+01	2.340778559446334839e-01
1.991361328125000000e+03	1.944849967956542969e+01	2.106043845415115356e-01
1.991368774414062500e+03	1.901370048522949219e+01	1.726717799901962280e-01
1.991376342773437500e+03	1.924379920959472656e+01	1.926902681589126587e-01
1.991383789062500000e+03	1.973279953002929688e+01	2.466775774955749512e-01
1.996340332031250000e+03	1.970549964904785156e+01	2.322353869676589966e-01
1.996347290039062500e+03	1.958410072326660156e+01	2.178821861743927002e-01
1.996354125976562500e+03	1.945759963989257812e+01	2.058900892734527588e-01
1.996361083984375000e+03	1.916609954833984375e+01	1.772808581590652466e-01
1.954420043945312500e+03	1.988010025024414062e+01	2.523723542690277100e-01
1.954424560546875000e+03	1.883090019226074219e+01	1.559105962514877319e-01
1.954429199218750000e+03	1.979109954833984375e+01	2.378502488136291504e-01
2.111167236328125000e+03	1.968560028076171875e+01	2.498192787170410156e-01
2.111171630859375000e+03	1.930999946594238281e+01	1.992695331573486328e-01
2.111176269531250000e+03	1.986400032043457031e+01	2.680428922176361084e-01
2.112156982421875000e+03	1.939430046081542969e+01	2.067328691482543945e-01
2.112161376953125000e+03	1.920870018005371094e+01	1.899321973323822021e-01
2.112166015625000000e+03	1.951889991760253906e+01	2.214271128177642822e-01
2.112170654296875000e+03	1.915800094604492188e+01	1.854222863912582397e-01
2.122163818359375000e+03	1.874169921875000000e+01	2.006447315216064453e-01
2.010312133789062500e+03	1.925209999084472656e+01	1.841057986021041870e-01
2.010317871093750000e+03	1.984790039062500000e+01	2.452500164508819580e-01
2.010323608398437500e+03	1.943969917297363281e+01	2.015122473239898682e-01
2.010329467773437500e+03	1.984720039367675781e+01	2.481306642293930054e-01
2.018221923828125000e+03	1.942309951782226562e+01	2.014203667640686035e-01
2.018227783203125000e+03	1.937290000915527344e+01	1.967496573925018311e-01
2.018235717773437500e+03	1.926980018615722656e+01	1.881882250308990479e-01
2.018241577148437500e+03	1.944129943847656250e+01	2.045898884534835815e-01
2.080239990234375000e+03	1.907679939270019531e+01	1.780102401971817017e-01
2.080246337890625000e+03	1.955279922485351562e+01	2.294843494892120361e-01
2.080252685546875000e+03	2.046279907226562500e+01	3.567824959754943848e-01
2.080259033203125000e+03	1.915320014953613281e+01	1.872632354497909546e-01
2.092183349609375000e+03	1.936120033264160156e+01	2.525886595249176025e-01
2.092190185546875000e+03	2.001530075073242188e+01	3.520519137382507324e-01
2.092195312500000000e+03	2.008740043640136719e+01	3.689264953136444092e-01
2.092199951171875000e+03	2.012879943847656250e+01	3.856311142444610596e-01
2.267490478515625000e+03	1.955800056457519531e+01	2.187318503856658936e-01
2.267504638671875000e+03	1.957080078125000000e+01	2.192707061767578125e-01
2.267511474609375000e+03	1.950200080871582031e+01	2.107810527086257935e-01
2.406258300781250000e+03	1.894109916687011719e+01	1.447356790304183960e-01
2.406264404296875000e+03	1.939200019836425781e+01	1.769199073314666748e-01
2.406270751953125000e+03	1.950440025329589844e+01	1.865077316761016846e-01
2.406276855468750000e+03	1.937809944152832031e+01	1.757930070161819458e-01
2.349409179687500000e+03	1.930820083618164062e+01	1.504175066947937012e-01
2.349417236328125000e+03	1.961310005187988281e+01	1.733667999505996704e-01
2.349425292968750000e+03	1.945840072631835938e+01	1.739297062158584595e-01
2.349433349609375000e+03	1.907589912414550781e+01	1.393437534570693970e-01
2.366397949218750000e+03	1.955190086364746094e+01	2.223000675439834595e-01
2.366405273437500000e+03	1.892740058898925781e+01	1.650016456842422485e-01
2.366412841796875000e+03	1.910969924926757812e+01	1.794158965349197388e-01
2.366420410156250000e+03	1.936770057678222656e+01	2.029539346694946289e-01
2.323479003906250000e+03	1.916049957275390625e+01	1.790297925472259521e-01
2.323485107421875000e+03	1.958550071716308594e+01	2.251151502132415771e-01
2.323490966796875000e+03	1.951930046081542969e+01	2.124832123517990112e-01
2.323497070312500000e+03	1.926000022888183594e+01	1.908885687589645386e-01
2.336527343750000000e+03	1.947419929504394531e+01	2.134519219398498535e-01
2.336541503906250000e+03	1.946360015869140625e+01	2.131396830081939697e-01
2.336548583984375000e+03	1.927799987792968750e+01	1.947541683912277222e-01
2.476165527343750000e+03	1.910840034484863281e+01	2.147530019283294678e-01
2.476180908203125000e+03	1.969090080261230469e+01	2.936128079891204834e-01
2.375306884765625000e+03	1.931949996948242188e+01	1.711040288209915161e-01
2.375316406250000000e+03	1.955220031738281250e+01	1.908114850521087646e-01
2.375326171875000000e+03	1.922489929199218750e+01	1.638961285352706909e-01
2.375335937500000000e+03	1.963960075378417969e+01	1.990040093660354614e-01
2.396196044921875000e+03	1.901049995422363281e+01	1.713634580373764038e-01
2.396201660156250000e+03	1.946179962158203125e+01	2.125558257102966309e-01
2.396207519531250000e+03	1.944210052490234375e+01	2.104809880256652832e-01
2.396213134765625000e+03	1.933519935607910156e+01	1.997742205858230591e-01
2.439157714843750000e+03	2.005739974975585938e+01	2.888436317443847656e-01
2.439162841796875000e+03	1.999060058593750000e+01	2.787795066833496094e-01
2.439167968750000000e+03	1.986199951171875000e+01	2.605307996273040771e-01
2.439173095703125000e+03	2.010950088500976562e+01	2.970063388347625732e-01
2.638493652343750000e+03	1.913619995117187500e+01	1.776037812232971191e-01
2.638502197265625000e+03	1.999650001525878906e+01	2.732158899307250977e-01
2.638510742187500000e+03	1.885110092163085938e+01	1.559752374887466431e-01
2.638519287109375000e+03	1.937030029296875000e+01	1.981416195631027222e-01
2.737350097656250000e+03	1.953490066528320312e+01	2.025475353002548218e-01
2.737356933593750000e+03	1.967630004882812500e+01	2.168297022581100464e-01
2.737363769531250000e+03	1.917090034484863281e+01	1.705538481473922729e-01
2.737370605468750000e+03	1.909600067138671875e+01	1.647345870733261108e-01
2.758236328125000000e+03	1.989929962158203125e+01	2.235234230756759644e-01
2.758246582031250000e+03	1.943650054931640625e+01	1.785742491483688354e-01
2.758256835937500000e+03	1.890870094299316406e+01	1.421890109777450562e-01
2.758267089843750000e+03	1.938279914855957031e+01	1.744988411664962769e-01
2.781163818359375000e+03	1.914010047912597656e+01	1.837191134691238403e-01
2.781168945312500000e+03	1.945999908447265625e+01	2.147154808044433594e-01
2.781173828125000000e+03	1.925959968566894531e+01	1.987689435482025146e-01
2.781179199218750000e+03	1.961980056762695312e+01	2.494906932115554810e-01
2.797177001953125000e+03	2.019000053405761719e+01	3.151503205299377441e-01
2.797185546875000000e+03	1.908149909973144531e+01	1.798048019409179688e-01
2.797194091796875000e+03	2.011079978942871094e+01	3.032965362071990967e-01
2.977509765625000000e+03	2.018120002746582031e+01	3.657139837741851807e-01
2.977511230468750000e+03	1.916950035095214844e+01	2.145656049251556396e-01
2.977512939453125000e+03	1.886529922485351562e+01	1.848179250955581665e-01
2.984490234375000000e+03	1.963069915771484375e+01	2.415176630020141602e-01
2.984503906250000000e+03	1.933049964904785156e+01	2.045416533946990967e-01
2.994492675781250000e+03	1.939649963378906250e+01	1.776138991117477417e-01
2.994501464843750000e+03	1.963780021667480469e+01	1.992399692535400391e-01
2.994510009765625000e+03	1.898430061340332031e+01	1.480120271444320679e-01
2.994518798828125000e+03	1.923069953918457031e+01	1.633833497762680054e-01
3.007486572265625000e+03	1.917440032958984375e+01	1.609511077404022217e-01
3.007492919921875000e+03	1.940999984741210938e+01	1.789986044168472290e-01
3.007499023437500000e+03	1.962450027465820312e+01	1.983305960893630981e-01
3.007505126953125000e+03	1.965589904785156250e+01	2.009477615356445312e-01
3.020421630859375000e+03	1.937140083312988281e+01	2.035684287548065186e-01
3.020430175781250000e+03	1.957509994506835938e+01	2.242289036512374878e-01
3.020438720703125000e+03	1.934090042114257812e+01	1.988423019647598267e-01
3.020447265625000000e+03	1.937299919128417969e+01	2.013591825962066650e-01
3.025500000000000000e+03	1.946150016784667969e+01	1.827083975076675415e-01
3.025505615234375000e+03	1.926969909667968750e+01	1.651436388492584229e-01
3.025510986328125000e+03	1.966769981384277344e+01	1.991513818502426147e-01
3.025516601562500000e+03	1.927440071105957031e+01	1.656120270490646362e-01
3.032426025390625000e+03	1.942659950256347656e+01	2.060709297657012939e-01
3.032433349609375000e+03	1.898789978027343750e+01	1.679577380418777466e-01
3.032440917968750000e+03	1.877949905395507812e+01	1.525857597589492798e-01
3.032448242187500000e+03	1.909210014343261719e+01	1.758321374654769897e-01
3.049351074218750000e+03	1.945969963073730469e+01	2.114567160606384277e-01
3.049358642578125000e+03	1.932670021057128906e+01	1.986956596374511719e-01
3.049365966796875000e+03	1.915080070495605469e+01	1.821438074111938477e-01
3.049373535156250000e+03	1.920030021667480469e+01	1.863768398761749268e-01
3.079390869140625000e+03	1.951420021057128906e+01	2.215304821729660034e-01
3.079398437500000000e+03	1.927070045471191406e+01	1.976069062948226929e-01
3.079405761718750000e+03	1.902569961547851562e+01	1.781634688377380371e-01
3.079413330078125000e+03	1.929750061035156250e+01	2.028286159038543701e-01
3.085381835937500000e+03	1.958559989929199219e+01	1.938550621271133423e-01
3.085387451171875000e+03	1.975209999084472656e+01	2.093980014324188232e-01
3.085392822265625000e+03	1.924010086059570312e+01	1.634519100189208984e-01
3.085398193359375000e+03	1.951009941101074219e+01	1.850612014532089233e-01
3.104295166015625000e+03	1.907150077819824219e+01	1.758615076541900635e-01
3.104300781250000000e+03	1.935009956359863281e+01	2.009325623512268066e-01
3.104306640625000000e+03	1.942480087280273438e+01	2.074184417724609375e-01
3.104312500000000000e+03	1.942119979858398438e+01	2.072841078042984009e-01
3.113354492187500000e+03	1.873030090332031250e+01	1.514003574848175049e-01
3.113360107421875000e+03	1.936750030517578125e+01	2.043490111827850342e-01
3.113365966796875000e+03	1.942340087890625000e+01	2.105162292718887329e-01
3.113371582031250000e+03	1.943429946899414062e+01	2.116535902023315430e-01
2.707463378906250000e+03	1.950289916992187500e+01	1.837077736854553223e-01
2.707472167968750000e+03	1.930509948730468750e+01	1.669631004333496094e-01
2.707480712890625000e+03	1.927440071105957031e+01	1.656998693943023682e-01
2.707489501953125000e+03	1.943169975280761719e+01	1.775734275579452515e-01
3.143192626953125000e+03	1.962050056457519531e+01	2.371829897165298462e-01
3.143195556640625000e+03	1.948229980468750000e+01	2.208920419216156006e-01
3.143198242187500000e+03	1.961919975280761719e+01	2.363948673009872437e-01
3.143201171875000000e+03	1.990250015258789062e+01	2.752735316753387451e-01
3.170157226562500000e+03	1.954380035400390625e+01	2.253984361886978149e-01
3.170166259765625000e+03	1.964879989624023438e+01	2.385753095149993896e-01
3.170175292968750000e+03	1.992160034179687500e+01	2.729033529758453369e-01
3.170184326171875000e+03	1.911490058898925781e+01	1.828755736351013184e-01
3.192150634765625000e+03	1.951409912109375000e+01	2.292308509349822998e-01
3.192157470703125000e+03	1.958320045471191406e+01	2.381860464811325073e-01
3.192164062500000000e+03	2.095030021667480469e+01	5.054809451103210449e-01
3.192170898437500000e+03	2.007959938049316406e+01	3.119897544384002686e-01
3.198157470703125000e+03	1.980940055847167969e+01	2.658875882625579834e-01
3.198161865234375000e+03	1.938619995117187500e+01	2.141737341880798340e-01
3.198166503906250000e+03	1.951790046691894531e+01	2.290240824222564697e-01
3.198170898437500000e+03	1.948450088500976562e+01	2.251151502132415771e-01
3.341504882812500000e+03	1.927809906005859375e+01	2.011759877204895020e-01
3.341508789062500000e+03	1.951510047912597656e+01	2.255076766014099121e-01
3.341510742187500000e+03	2.062980079650878906e+01	4.107655882835388184e-01
3.359473388671875000e+03	1.910980033874511719e+01	1.840145736932754517e-01
3.359482177734375000e+03	1.922270011901855469e+01	1.932363361120223999e-01
3.359490722656250000e+03	1.945800018310546875e+01	2.163094133138656616e-01
3.359499267578125000e+03	1.881599998474121094e+01	1.589510142803192139e-01
3.388483642578125000e+03	1.942779922485351562e+01	2.082814127206802368e-01
3.388488769531250000e+03	1.890800094604492188e+01	1.641894578933715820e-01
3.388493896484375000e+03	1.910180091857910156e+01	1.788118928670883179e-01
3.388499023437500000e+03	1.918659973144531250e+01	1.853288710117340088e-01
3.405424560546875000e+03	1.951020050048828125e+01	1.972625702619552612e-01
3.405432861328125000e+03	1.936059951782226562e+01	1.843918561935424805e-01
3.405441162109375000e+03	1.980990028381347656e+01	2.285894751548767090e-01
3.405449218750000000e+03	1.927230072021484375e+01	1.760970503091812134e-01
3.415398437500000000e+03	1.913909912109375000e+01	1.819568872451782227e-01
3.415407226562500000e+03	1.967650032043457031e+01	2.394122928380966187e-01
3.415416015625000000e+03	1.943499946594238281e+01	2.120130211114883423e-01
3.415424804687500000e+03	1.973170089721679688e+01	2.408720850944519043e-01
3.448443847656250000e+03	1.958499908447265625e+01	2.278406471014022827e-01
3.448447753906250000e+03	1.949130058288574219e+01	2.164054661989212036e-01
3.448456542968750000e+03	2.011310005187988281e+01	2.996406555175781250e-01
3.448460449218750000e+03	2.020719909667968750e+01	3.156264424324035645e-01
3.467199707031250000e+03	1.918260002136230469e+01	1.917303055524826050e-01
3.467202148437500000e+03	1.927849960327148438e+01	2.009325623512268066e-01
3.467204833984375000e+03	1.946529960632324219e+01	2.200361788272857666e-01
3.467207519531250000e+03	1.917469978332519531e+01	1.899448484182357788e-01
3.472294921875000000e+03	1.921439933776855469e+01	1.890037953853607178e-01
3.472300048828125000e+03	1.941449928283691406e+01	2.090696543455123901e-01
3.472304931640625000e+03	1.965719985961914062e+01	2.356397658586502075e-01
3.472310058593750000e+03	1.942070007324218750e+01	2.081962972879409790e-01
3.487242431640625000e+03	2.004949951171875000e+01	2.900963127613067627e-01
3.487248046875000000e+03	1.907379913330078125e+01	1.785948723554611206e-01
3.487253662109375000e+03	1.930410003662109375e+01	1.984763592481613159e-01
3.487259277343750000e+03	1.945879936218261719e+01	2.134151160717010498e-01
3.495142089843750000e+03	1.927249908447265625e+01	2.033945024013519287e-01
3.495150146484375000e+03	1.931159973144531250e+01	2.068494111299514771e-01
3.495158203125000000e+03	1.927440071105957031e+01	2.018657326698303223e-01
3.495166503906250000e+03	1.959609985351562500e+01	2.358906418085098267e-01
3.520193115234375000e+03	1.955999946594238281e+01	2.146217674016952515e-01
3.520199951171875000e+03	1.930069923400878906e+01	1.905552446842193604e-01
3.520208984375000000e+03	1.995739936828613281e+01	2.645264863967895508e-01
3.520216064453125000e+03	1.972870063781738281e+01	2.479256689548492432e-01
3.527225830078125000e+03	1.991810035705566406e+01	2.772959172725677490e-01
3.527230957031250000e+03	1.952680015563964844e+01	2.259683459997177124e-01
3.527235839843750000e+03	1.956809997558593750e+01	2.312597930431365967e-01
3.527240966796875000e+03	1.873460006713867188e+01	1.563780754804611206e-01
3.552181152343750000e+03	1.951600074768066406e+01	2.183551490306854248e-01
3.552185302734375000e+03	1.940069961547851562e+01	2.062522917985916138e-01
3.552189208984375000e+03	1.978109931945800781e+01	2.498192787170410156e-01
3.552193359375000000e+03	1.998959922790527344e+01	2.786135077476501465e-01
3.558160644531250000e+03	1.947459983825683594e+01	1.839121133089065552e-01
3.558168701171875000e+03	1.935359954833984375e+01	1.738072186708450317e-01
3.558176757812500000e+03	2.007649993896484375e+01	2.476337105035781860e-01
3.558184814453125000e+03	1.969370079040527344e+01	2.043169736862182617e-01
3.569164550781250000e+03	1.947920036315917969e+01	2.143787145614624023e-01
3.569169677734375000e+03	1.894009971618652344e+01	1.659482717514038086e-01
3.711496093750000000e+03	1.953879928588867188e+01	2.208510488271713257e-01
3.711502197265625000e+03	1.990589904785156250e+01	2.666124105453491211e-01
3.711508300781250000e+03	1.925950050354003906e+01	1.926107704639434814e-01
3.711514160156250000e+03	1.949860000610351562e+01	2.164631485939025879e-01
3.731441650390625000e+03	1.932029914855957031e+01	1.983305960893630981e-01
3.731446533203125000e+03	1.908049964904785156e+01	1.769898980855941772e-01
3.731451660156250000e+03	1.938349914550781250e+01	2.045255750417709351e-01
3.731456787109375000e+03	1.929630088806152344e+01	1.960444152355194092e-01
3.763472656250000000e+03	1.934250068664550781e+01	1.729208976030349731e-01
3.763478271484375000e+03	1.943750000000000000e+01	1.807197481393814087e-01
3.763483886718750000e+03	1.959160041809082031e+01	1.944393068552017212e-01
3.763489501953125000e+03	1.983410072326660156e+01	2.189708352088928223e-01
3.769379394531250000e+03	1.984790039062500000e+01	2.586161792278289795e-01
3.769383300781250000e+03	1.929800033569335938e+01	1.961988657712936401e-01
3.769387451171875000e+03	1.940850067138671875e+01	2.070329636335372925e-01
3.769391357421875000e+03	1.974720001220703125e+01	2.455051243305206299e-01
3.829422363281250000e+03	1.976149940490722656e+01	2.112248092889785767e-01
3.829429687500000000e+03	2.006609916687011719e+01	2.463326603174209595e-01
3.829437011718750000e+03	1.934950065612792969e+01	1.734788864850997925e-01
3.829444580078125000e+03	1.970560073852539062e+01	2.055135816335678101e-01
3.853160644531250000e+03	1.873970031738281250e+01	1.624861657619476318e-01
3.853171875000000000e+03	1.961440086364746094e+01	2.302034497261047363e-01
3.860292236328125000e+03	1.936849975585937500e+01	1.991366297006607056e-01
3.860301025390625000e+03	1.898500061035156250e+01	1.661253422498703003e-01
3.860309814453125000e+03	1.968510055541992188e+01	2.335642576217651367e-01
3.860318603515625000e+03	1.947629928588867188e+01	2.098151296377182007e-01
3.872216796875000000e+03	1.927650070190429688e+01	2.011759877204895020e-01
3.872222900390625000e+03	1.957570075988769531e+01	2.427150607109069824e-01
3.872229003906250000e+03	1.955240058898925781e+01	2.305539101362228394e-01
3.872235107421875000e+03	1.941600036621093750e+01	2.066165506839752197e-01
3.880187500000000000e+03	1.942420005798339844e+01	2.066331505775451660e-01
3.880192626953125000e+03	1.928440093994140625e+01	1.926770061254501343e-01
3.880197509765625000e+03	1.927739906311035156e+01	1.922807097434997559e-01
3.880202636718750000e+03	1.940940093994140625e+01	2.051230370998382568e-01
3.900157958984375000e+03	1.938689994812011719e+01	2.045255750417709351e-01
3.900162841796875000e+03	1.958679962158203125e+01	2.263434231281280518e-01
3.900167968750000000e+03	1.974959945678710938e+01	2.454767376184463501e-01
3.900172851562500000e+03	2.029100036621093750e+01	3.281108438968658447e-01
3.913163330078125000e+03	1.982340049743652344e+01	2.658875882625579834e-01
3.913169433593750000e+03	1.958589935302734375e+01	2.357149422168731689e-01
3.913175537109375000e+03	1.992259979248046875e+01	2.680428922176361084e-01
3.913181640625000000e+03	1.950650024414062500e+01	2.156787961721420288e-01
3.923156005859375000e+03	1.932460021972656250e+01	1.994323581457138062e-01
3.923169677734375000e+03	2.035269927978515625e+01	3.419696986675262451e-01
3.931153320312500000e+03	1.966430091857910156e+01	2.359660565853118896e-01
3.931158447265625000e+03	1.994389915466308594e+01	2.730204463005065918e-01
3.931168457031250000e+03	2.017589950561523438e+01	3.489949703216552734e-01
3.937155761718750000e+03	1.956690025329589844e+01	2.263876646757125854e-01
3.937160644531250000e+03	1.962890052795410156e+01	2.338328510522842407e-01
3.937165771484375000e+03	1.994219970703125000e+01	2.761983871459960938e-01
3.937170898437500000e+03	1.975029945373535156e+01	2.512076497077941895e-01
4.077513183593750000e+03	2.009790039062500000e+01	2.969063520431518555e-01
4.077515380859375000e+03	1.955380058288574219e+01	2.233746647834777832e-01
4.077519287109375000e+03	2.056509971618652344e+01	3.797634243965148926e-01
4.086469482421875000e+03	1.959219932556152344e+01	1.885945647954940796e-01
4.086477539062500000e+03	2.022540092468261719e+01	2.567431628704071045e-01
4.086485595703125000e+03	1.960860061645507812e+01	1.869742423295974731e-01
4.086493896484375000e+03	1.946850013732910156e+01	1.755296289920806885e-01
4.098511230468750000e+03	1.959799957275390625e+01	2.242074161767959595e-01
4.098514648437500000e+03	1.916069984436035156e+01	1.811506301164627075e-01
4.098518066406250000e+03	1.992160034179687500e+01	2.641363441944122314e-01
4.098521972656250000e+03	1.914979934692382812e+01	1.805483400821685791e-01
4.115472167968750000e+03	1.946629905700683594e+01	2.136916667222976685e-01
4.115476074218750000e+03	1.973240089416503906e+01	2.407115101814270020e-01
4.115479980468750000e+03	1.927029991149902344e+01	1.908371597528457642e-01
4.125520996093750000e+03	1.947590065002441406e+01	2.096410095691680908e-01
4.125525390625000000e+03	1.946500015258789062e+01	2.094326764345169067e-01
4.125529785156250000e+03	2.004170036315917969e+01	2.807945907115936279e-01
4.125534179687500000e+03	1.989909934997558594e+01	2.602933943271636963e-01
4.140443847656250000e+03	1.937829971313476562e+01	2.003130912780761719e-01
4.140448242187500000e+03	1.932889938354492188e+01	1.957646012306213379e-01
4.140453125000000000e+03	1.933659934997558594e+01	1.960163861513137817e-01
4.140457519531250000e+03	2.026639938354492188e+01	3.170672953128814697e-01
4.169367187500000000e+03	1.997349929809570312e+01	2.727864384651184082e-01
4.169372070312500000e+03	1.920520019531250000e+01	1.851541697978973389e-01
4.169377441406250000e+03	1.953160095214843750e+01	2.169652283191680908e-01
4.169382324218750000e+03	1.928510093688964844e+01	1.921491920948028564e-01
4.175312011718750000e+03	1.956069946289062500e+01	2.202187180519104004e-01
4.175317382812500000e+03	1.982880020141601562e+01	2.534596323966979980e-01
4.175322265625000000e+03	1.998100090026855469e+01	2.745957970619201660e-01
4.175327148437500000e+03	1.964760017395019531e+01	2.304135113954544067e-01
4.184350585937500000e+03	1.948830032348632812e+01	2.138581573963165283e-01
4.184355468750000000e+03	1.952939987182617188e+01	2.175295799970626831e-01
4.184360351562500000e+03	1.975720024108886719e+01	2.445455789566040039e-01
4.184365722656250000e+03	1.962789916992187500e+01	2.304369062185287476e-01
4.196367187500000000e+03	2.001580047607421875e+01	2.807521820068359375e-01
4.196372070312500000e+03	2.030179977416992188e+01	3.274461030960083008e-01
4.196376464843750000e+03	1.993969917297363281e+01	2.695716619491577148e-01
4.202302734375000000e+03	1.966180038452148438e+01	2.437361031770706177e-01
4.202307617187500000e+03	1.938409996032714844e+01	2.214891165494918823e-01
4.202312988281250000e+03	1.914270019531250000e+01	1.947953552007675171e-01
4.202317871093750000e+03	1.985899925231933594e+01	2.736080586910247803e-01
4.208176269531250000e+03	1.919580078125000000e+01	2.072841078042984009e-01
4.208182128906250000e+03	1.940699958801269531e+01	2.195517569780349731e-01
4.208188476562500000e+03	1.948850059509277344e+01	2.261446118354797363e-01
4.208194335937500000e+03	1.996719932556152344e+01	2.946824729442596436e-01
4.226250976562500000e+03	1.967370033264160156e+01	2.398341745138168335e-01
4.226258789062500000e+03	1.931220054626464844e+01	1.997444182634353638e-01
4.226266113281250000e+03	1.988459968566894531e+01	2.663580477237701416e-01
4.254133300781250000e+03	1.955310058593750000e+01	2.245302945375442505e-01
4.254138183593750000e+03	1.967729949951171875e+01	2.395702451467514038e-01
4.254143554687500000e+03	1.972400093078613281e+01	2.449675053358078003e-01
4.254148437500000000e+03	1.970260047912597656e+01	2.426328510046005249e-01
4.254148437500000000e+03	2.104360008239746094e+01	5.074771642684936523e-01
4.824849548339843750e+02	1.965250015258789062e+01	1.188244298100471497e-01
4.824909667968750000e+02	2.014599990844726562e+01	1.421197205781936646e-01
4.824969787597656250e+02	1.964310073852539062e+01	1.187237799167633057e-01
4.825030212402343750e+02	1.974699974060058594e+01	1.213060617446899414e-01
5.831901245117187500e+02	1.967410087585449219e+01	1.215465143322944641e-01
5.831965942382812500e+02	1.977560043334960938e+01	1.269760131835937500e-01
5.832031250000000000e+02	1.954350090026855469e+01	1.158288046717643738e-01
5.832095947265625000e+02	1.952449989318847656e+01	1.148039996623992920e-01
6.011623535156250000e+02	1.954610061645507812e+01	1.160854026675224304e-01
6.011687622070312500e+02	1.967420005798339844e+01	1.243566200137138367e-01
6.011752929687500000e+02	1.967410087585449219e+01	1.211145892739295959e-01
6.011818847656250000e+02	1.959569931030273438e+01	1.190637424588203430e-01
8.405061035156250000e+02	1.957929992675781250e+01	1.161103621125221252e-01
8.405123901367187500e+02	1.964170074462890625e+01	1.199363246560096741e-01
8.405187988281250000e+02	1.961820030212402344e+01	1.192166507244110107e-01
8.405251464843750000e+02	1.937549972534179688e+01	1.125126853585243225e-01
5.403392333984375000e+02	1.979280090332031250e+01	1.567978113889694214e-01
5.403459472656250000e+02	1.992429924011230469e+01	1.598024964332580566e-01
5.403529052734375000e+02	1.977140045166015625e+01	1.751322299242019653e-01
5.403596801757812500e+02	1.975629997253417969e+01	1.547884345054626465e-01
4.924584350585937500e+02	1.965830039978027344e+01	1.175407245755195618e-01
4.924651489257812500e+02	1.980540084838867188e+01	1.248263269662857056e-01
4.924719238281250000e+02	1.965620040893554688e+01	1.199935376644134521e-01
4.924786987304687500e+02	1.962479972839355469e+01	1.157219111919403076e-01
5.143454589843750000e+02	1.967670059204101562e+01	1.207451149821281433e-01
5.143514404296875000e+02	1.970289993286132812e+01	1.215163543820381165e-01
5.143574829101562500e+02	1.967230033874511719e+01	1.206254139542579651e-01
5.143635253906250000e+02	1.970219993591308594e+01	1.216144934296607971e-01
5.702657470703125000e+02	1.961980056762695312e+01	1.445337682962417603e-01
5.702716674804687500e+02	1.938209915161132812e+01	1.222539395093917847e-01
5.702775268554687500e+02	1.969779968261718750e+01	1.327556371688842773e-01
5.702833862304687500e+02	1.989010047912597656e+01	1.417339593172073364e-01
6.321945800781250000e+02	1.950460052490234375e+01	1.112586557865142822e-01
6.321998291015625000e+02	1.950790023803710938e+01	1.119937673211097717e-01
6.322051391601562500e+02	1.950569915771484375e+01	1.119385212659835815e-01
6.322103271484375000e+02	1.961009979248046875e+01	1.163213327527046204e-01
9.562171020507812500e+02	1.978429985046386719e+01	1.175035163760185242e-01
9.562254638671875000e+02	1.979640007019042969e+01	1.185258030891418457e-01
9.562338256835937500e+02	1.970630073547363281e+01	1.143457069993019104e-01
9.562421875000000000e+02	1.960140037536621094e+01	1.109279245138168335e-01
1.216466552734375000e+03	1.950230026245117188e+01	1.095054745674133301e-01
1.216473022460937500e+03	1.954420089721679688e+01	1.112378537654876709e-01
1.216479614257812500e+03	1.958970069885253906e+01	1.125126853585243225e-01
1.216486206054687500e+03	1.954439926147460938e+01	1.110583245754241943e-01
8.794030761718750000e+02	1.936289978027343750e+01	9.492556005716323853e-02
8.794127197265625000e+02	1.950559997558593750e+01	9.920105338096618652e-02
8.794224853515625000e+02	1.952359962463378906e+01	9.943241626024246216e-02
8.794321289062500000e+02	1.951619911193847656e+01	9.944592416286468506e-02
9.203082885742187500e+02	1.957869911193847656e+01	1.092624366283416748e-01
9.203190917968750000e+02	1.962019920349121094e+01	1.111048161983489990e-01
9.203300170898437500e+02	1.980060005187988281e+01	1.199196651577949524e-01
9.203407592773437500e+02	1.961109924316406250e+01	1.108084097504615784e-01
9.822110595703125000e+02	1.963050079345703125e+01	1.138893514871597290e-01
9.822188720703125000e+02	1.974230003356933594e+01	1.203318983316421509e-01
9.822267456054687500e+02	1.965180015563964844e+01	1.151855587959289551e-01
9.822345581054687500e+02	1.949419975280761719e+01	1.097656041383743286e-01
1.318221801757812500e+03	1.953109931945800781e+01	1.086612045764923096e-01
1.318227416992187500e+03	1.967289924621582031e+01	1.143652126193046570e-01
1.318233154296875000e+03	1.969510078430175781e+01	1.151533871889114380e-01
1.318238769531250000e+03	1.941690063476562500e+01	1.036389097571372986e-01
1.333244018554687500e+03	1.951670074462890625e+01	1.131481900811195374e-01
1.333249755859375000e+03	1.960569953918457031e+01	1.169618964195251465e-01
1.333255371093750000e+03	1.954299926757812500e+01	1.146319657564163208e-01
1.333261108398437500e+03	1.952840042114257812e+01	1.138070300221443176e-01
1.273356201171875000e+03	1.966209983825683594e+01	1.159816533327102661e-01
1.273363403320312500e+03	1.960919952392578125e+01	1.126001849770545959e-01
1.273370605468750000e+03	1.966930007934570312e+01	1.159712970256805420e-01
1.273377929687500000e+03	1.957410049438476562e+01	1.119973286986351013e-01
1.247378051757812500e+03	1.966160011291503906e+01	1.144806146621704102e-01
1.247385864257812500e+03	1.955529975891113281e+01	1.099279299378395081e-01
1.247393798828125000e+03	1.957010078430175781e+01	1.101493313908576965e-01
1.247401733398437500e+03	1.959199905395507812e+01	1.113576665520668030e-01
1.304198486328125000e+03	1.955240058898925781e+01	1.501852422952651978e-01
1.304202636718750000e+03	1.959810066223144531e+01	1.562737673521041870e-01
1.304206909179687500e+03	1.956110000610351562e+01	1.529400795698165894e-01
1.304211059570312500e+03	1.956209945678710938e+01	1.522580832242965698e-01
1.305246704101562500e+03	1.964660072326660156e+01	1.570688039064407349e-01
1.305253417968750000e+03	1.955830001831054688e+01	1.510470956563949585e-01
1.305260253906250000e+03	1.962080001831054688e+01	1.563063412904739380e-01
1.305266967773437500e+03	1.960720062255859375e+01	1.545248478651046753e-01
1.359153442382812500e+03	1.967340087890625000e+01	1.201658248901367188e-01
1.544510742187500000e+03	1.967639923095703125e+01	1.180423647165298462e-01
1.544516601562500000e+03	1.948509979248046875e+01	1.099082008004188538e-01
1.544522460937500000e+03	1.967009925842285156e+01	1.177584081888198853e-01
1.544528442382812500e+03	1.971730041503906250e+01	1.196802854537963867e-01
1.674179199218750000e+03	1.954689979553222656e+01	1.170930862426757812e-01
1.674187377929687500e+03	1.941020011901855469e+01	1.114990338683128357e-01
1.674195678710937500e+03	1.969179916381835938e+01	1.241175606846809387e-01
1.674203857421875000e+03	1.974749946594238281e+01	1.262206584215164185e-01
1.640369750976562500e+03	1.971109962463378906e+01	1.253458857536315918e-01
1.640376464843750000e+03	1.951989936828613281e+01	1.163990199565887451e-01
1.640383300781250000e+03	1.946610069274902344e+01	1.146595701575279236e-01
1.640390136718750000e+03	1.968059921264648438e+01	1.260309517383575439e-01
1.599510131835937500e+03	1.932320022583007812e+01	1.038353964686393738e-01
1.599515258789062500e+03	1.936140060424804688e+01	1.058103740215301514e-01
1.599520507812500000e+03	1.967970085144042969e+01	1.185870990157127380e-01
1.599525634765625000e+03	1.959129905700683594e+01	1.148099526762962341e-01
1.600386718750000000e+03	1.951639938354492188e+01	1.107098013162612915e-01
1.600391845703125000e+03	1.965430068969726562e+01	1.158886030316352844e-01
1.600397094726562500e+03	1.966769981384277344e+01	1.168355867266654968e-01
1.600402221679687500e+03	1.958279991149902344e+01	1.130402758717536926e-01
1.656287353515625000e+03	1.970140075683593750e+01	1.255573034286499023e-01
1.656295532226562500e+03	1.945929908752441406e+01	1.181988641619682312e-01
1.656303588867187500e+03	1.974040031433105469e+01	1.248936057090759277e-01
1.656311767578125000e+03	1.948979949951171875e+01	1.137688308954238892e-01
1.715181152343750000e+03	1.953930091857910156e+01	1.182549670338630676e-01
1.715189208984375000e+03	1.938739967346191406e+01	1.124963089823722839e-01
1.715197509765625000e+03	1.932760047912597656e+01	1.094553843140602112e-01
1.715205566406250000e+03	1.957060050964355469e+01	1.201826333999633789e-01
1.894508666992187500e+03	1.944389915466308594e+01	1.241312548518180847e-01
1.894513427734375000e+03	1.936619949340820312e+01	1.194826811552047729e-01
1.894518066406250000e+03	1.961899948120117188e+01	1.316673755645751953e-01
1.894522705078125000e+03	1.960350036621093750e+01	1.316708326339721680e-01
1.910483032226562500e+03	1.950889968872070312e+01	1.184397637844085693e-01
1.910488891601562500e+03	1.960330009460449219e+01	1.216902062296867371e-01
1.910494750976562500e+03	1.946689987182617188e+01	1.157403886318206787e-01
1.910500732421875000e+03	1.967020034790039062e+01	1.248936057090759277e-01
2.049214843750000000e+03	1.940049934387207031e+01	1.161082759499549866e-01
2.049224121093750000e+03	1.932279968261718750e+01	1.138318926095962524e-01
2.049233886718750000e+03	1.932799911499023438e+01	1.142386570572853088e-01
2.049243408203125000e+03	1.958209991455078125e+01	1.253715306520462036e-01
2.292474609375000000e+03	1.967670059204101562e+01	1.193937286734580994e-01
2.292481445312500000e+03	1.967630004882812500e+01	1.234916821122169495e-01
2.292488525390625000e+03	1.964039993286132812e+01	1.167332530021667480e-01
2.292495361328125000e+03	1.973880004882812500e+01	1.232193335890769958e-01
1.995441528320312500e+03	1.947760009765625000e+01	1.193984076380729675e-01
1.995446655273437500e+03	1.956399917602539062e+01	1.240191832184791565e-01
1.995451782226562500e+03	1.952000045776367188e+01	1.205426454544067383e-01
1.995456909179687500e+03	1.945190048217773438e+01	1.192352399230003357e-01
1.962407104492187500e+03	1.965780067443847656e+01	1.230628937482833862e-01
1.962414306640625000e+03	1.966920089721679688e+01	1.235964596271514893e-01
1.962421386718750000e+03	1.944109916687011719e+01	1.131146550178527832e-01
1.962428588867187500e+03	1.954780006408691406e+01	1.181630194187164307e-01
2.021292114257812500e+03	1.948130035400390625e+01	1.190290972590446472e-01
2.021297485351562500e+03	1.962960052490234375e+01	1.254114508628845215e-01
2.021302978515625000e+03	1.950349998474121094e+01	1.207549124956130981e-01
2.021308349609375000e+03	1.943420028686523438e+01	1.177164986729621887e-01
2.092161132812500000e+03	1.964380073547363281e+01	1.244422495365142822e-01
2.092168457031250000e+03	1.966460037231445312e+01	1.248683631420135498e-01
2.092176025390625000e+03	1.957769966125488281e+01	1.186462491750717163e-01
2.092183593750000000e+03	1.949970054626464844e+01	1.168313175439834595e-01
2.414159912109375000e+03	1.954159927368164062e+01	1.250539869070053101e-01
2.414168945312500000e+03	1.966399955749511719e+01	1.320076733827590942e-01
2.414178222656250000e+03	1.950440025329589844e+01	1.231025904417037964e-01
2.414187500000000000e+03	1.956389999389648438e+01	1.258105784654617310e-01
2.368369628906250000e+03	1.971509933471679688e+01	1.224140077829360962e-01
2.368376220703125000e+03	1.949110031127929688e+01	1.124109700322151184e-01
2.368382812500000000e+03	1.959499931335449219e+01	1.165635213255882263e-01
2.368389160156250000e+03	1.960370063781738281e+01	1.168185099959373474e-01
2.329467529296875000e+03	1.961429977416992188e+01	1.190937906503677368e-01
2.329476074218750000e+03	1.942440032958984375e+01	1.110256612300872803e-01
2.329484863281250000e+03	1.949780082702636719e+01	1.150470972061157227e-01
2.329493652343750000e+03	1.967690086364746094e+01	1.249554082751274109e-01
2.375229248046875000e+03	1.930080032348632812e+01	1.069649681448936462e-01
2.375236572265625000e+03	1.955500030517578125e+01	1.171232908964157104e-01
2.375243652343750000e+03	1.946089935302734375e+01	1.121081858873367310e-01
2.375250976562500000e+03	1.955750083923339844e+01	1.163066551089286804e-01
2.399239501953125000e+03	1.957749938964843750e+01	1.171319186687469482e-01
2.399244628906250000e+03	1.959550094604492188e+01	1.173442751169204712e-01
2.399250000000000000e+03	1.963010025024414062e+01	1.177209094166755676e-01
2.399255126953125000e+03	1.949880027770996094e+01	1.119296178221702576e-01
2.467188720703125000e+03	1.952549934387207031e+01	1.193867251276969910e-01
2.467193359375000000e+03	1.962220001220703125e+01	1.245697438716888428e-01
2.467197998046875000e+03	1.946520042419433594e+01	1.156911551952362061e-01
2.467202636718750000e+03	1.955710029602050781e+01	1.200747638940811157e-01
2.644448486328125000e+03	1.943429946899414062e+01	1.116200685501098633e-01
2.644457763671875000e+03	1.951989936828613281e+01	1.142347678542137146e-01
2.644467285156250000e+03	1.925679969787597656e+01	1.040876060724258423e-01
2.644476562500000000e+03	1.950440025329589844e+01	1.139123663306236267e-01
2.674486328125000000e+03	1.956570053100585938e+01	1.153793781995773315e-01
2.674495117187500000e+03	1.963800048828125000e+01	1.198602244257926941e-01
2.674503662109375000e+03	1.961079978942871094e+01	1.186394169926643372e-01
2.674512451171875000e+03	1.971920013427734375e+01	1.232007294893264771e-01
2.731322998046875000e+03	1.960540008544921875e+01	1.188496500253677368e-01
2.731332763671875000e+03	1.966720008850097656e+01	1.208530217409133911e-01
2.731342529296875000e+03	1.968519973754882812e+01	1.216245815157890320e-01
2.731352294921875000e+03	1.950889968872070312e+01	1.139623075723648071e-01
2.752268066406250000e+03	1.956010055541992188e+01	1.170435547828674316e-01
2.752276123046875000e+03	1.955150032043457031e+01	1.164895892143249512e-01
2.752284179687500000e+03	1.952729988098144531e+01	1.162020713090896606e-01
2.752292480468750000e+03	1.958279991149902344e+01	1.187032386660575867e-01
2.779208496093750000e+03	1.966530036926269531e+01	1.244311854243278503e-01
2.779215576171875000e+03	1.951609992980957031e+01	1.173987090587615967e-01
2.779222412109375000e+03	1.950550079345703125e+01	1.167993023991584778e-01
2.779229492187500000e+03	1.960339927673339844e+01	1.210156157612800598e-01
2.790208251953125000e+03	1.973369979858398438e+01	1.276147663593292236e-01
2.790215087890625000e+03	1.963559913635253906e+01	1.247675716876983643e-01
2.790222900390625000e+03	1.965299987792968750e+01	1.237069964408874512e-01
2.790229980468750000e+03	1.965320014953613281e+01	1.240137293934822083e-01
3.014468505859375000e+03	1.935050010681152344e+01	1.192538365721702576e-01
3.014474853515625000e+03	1.962590026855468750e+01	1.273165196180343628e-01
3.014481445312500000e+03	1.954059982299804688e+01	1.229177862405776978e-01
3.014487792968750000e+03	1.951980018615722656e+01	1.215641275048255920e-01
3.060514404296875000e+03	1.956999969482421875e+01	1.106437146663665771e-01
3.060520263671875000e+03	1.954010009765625000e+01	1.097884923219680786e-01
3.060525878906250000e+03	1.970319938659667969e+01	1.161041185259819031e-01
3.060531494140625000e+03	1.944269943237304688e+01	1.058298125863075256e-01
3.107268798828125000e+03	1.947100067138671875e+01	1.322282403707504272e-01
3.107275146484375000e+03	1.944179916381835938e+01	1.306799352169036865e-01
3.107281738281250000e+03	1.934760093688964844e+01	1.258770972490310669e-01
3.107288085937500000e+03	1.927729988098144531e+01	1.224813908338546753e-01
3.116225830078125000e+03	1.937619972229003906e+01	1.273074299097061157e-01
3.116231201171875000e+03	1.926029968261718750e+01	1.216826289892196655e-01
3.116236328125000000e+03	1.943050003051757812e+01	1.300911903381347656e-01
3.116241699218750000e+03	1.926140022277832031e+01	1.217357292771339417e-01
3.148136718750000000e+03	1.942889976501464844e+01	1.300055831670761108e-01
3.148142578125000000e+03	1.946559906005859375e+01	1.319414377212524414e-01
3.148148681640625000e+03	1.946739959716796875e+01	1.320356130599975586e-01
3.148154541015625000e+03	1.949489974975585938e+01	1.335128992795944214e-01
3.204170166015625000e+03	1.927109909057617188e+01	1.221870705485343933e-01
3.204175292968750000e+03	1.945109939575195312e+01	1.311700493097305298e-01
3.204179931640625000e+03	1.946590042114257812e+01	1.319518834352493286e-01
3.204184814453125000e+03	1.950189971923828125e+01	1.338978260755538940e-01
3.391418457031250000e+03	1.922450065612792969e+01	1.200317293405532837e-01
3.391427246093750000e+03	1.940019989013671875e+01	1.285232156515121460e-01
3.391435791015625000e+03	1.929129981994628906e+01	1.231476441025733948e-01
3.391444580078125000e+03	1.915940093994140625e+01	1.171146556735038757e-01
3.530203369140625000e+03	1.910630035400390625e+01	1.148298010230064392e-01
3.530210693359375000e+03	1.925749969482421875e+01	1.215515434741973877e-01
3.530218017578125000e+03	1.911919975280761719e+01	1.153793781995773315e-01
3.530225097656250000e+03	1.926370048522949219e+01	1.218396723270416260e-01
3.552153076171875000e+03	1.914060020446777344e+01	1.162982732057571411e-01
3.552160400390625000e+03	1.915889930725097656e+01	1.170930862426757812e-01
3.552167480468750000e+03	1.909000015258789062e+01	1.141436398029327393e-01
3.552174804687500000e+03	1.896920013427734375e+01	1.092752590775489807e-01
3.738470214843750000e+03	1.932789993286132812e+01	1.249104514718055725e-01
3.738475341796875000e+03	1.912999916076660156e+01	1.158432289958000183e-01
3.738480712890625000e+03	1.930620002746582031e+01	1.238586232066154480e-01
3.738485839843750000e+03	1.947750091552734375e+01	1.325742006301879883e-01
3.814369873046875000e+03	1.902910041809082031e+01	1.116411760449409485e-01
3.814375976562500000e+03	1.937520027160644531e+01	1.272559911012649536e-01
3.814382080078125000e+03	1.917219924926757812e+01	1.176812574267387390e-01
3.814388183593750000e+03	1.916650009155273438e+01	1.174292340874671936e-01
3.841332519531250000e+03	1.939069938659667969e+01	1.280394792556762695e-01
3.841339599609375000e+03	1.926790046691894531e+01	1.220384240150451660e-01
3.841346923828125000e+03	1.922789955139160156e+01	1.201850324869155884e-01
3.841354248046875000e+03	1.933219909667968750e+01	1.251217573881149292e-01
3.855288330078125000e+03	1.965119934082031250e+01	1.238640546798706055e-01
3.855292968750000000e+03	1.969739913940429688e+01	1.524603515863418579e-01
3.855317382812500000e+03	1.964739990234375000e+01	1.317607909440994263e-01
3.855322021484375000e+03	1.958530044555664062e+01	1.226009726524353027e-01
3.874164306640625000e+03	1.954879951477050781e+01	1.203367337584495544e-01
3.874168945312500000e+03	1.965049934387207031e+01	1.251443773508071899e-01
3.874173583984375000e+03	1.962980079650878906e+01	1.236179992556571960e-01
3.874177978515625000e+03	1.966970062255859375e+01	1.254914402961730957e-01
3.903161865234375000e+03	1.958099937438964844e+01	1.228021979331970215e-01
3.903166503906250000e+03	1.956310081481933594e+01	1.217433214187622070e-01
3.903171142578125000e+03	1.967429924011230469e+01	1.271412968635559082e-01
3.903175781250000000e+03	1.948469924926757812e+01	1.180223077535629272e-01
3.910159912109375000e+03	1.949629974365234375e+01	1.182774379849433899e-01
3.910164062500000000e+03	2.007209968566894531e+01	2.384713143110275269e-01
3.910172119140625000e+03	1.973360061645507812e+01	2.566457092761993408e-01
3.923201171875000000e+03	1.966110038757324219e+01	1.311768591403961182e-01
3.923206298828125000e+03	1.955599975585937500e+01	1.264232844114303589e-01
3.923211425781250000e+03	1.961750030517578125e+01	1.300450712442398071e-01
3.923216552734375000e+03	1.965139961242675781e+01	1.326096951961517334e-01
3.931161865234375000e+03	1.947579956054687500e+01	1.496185660362243652e-01
3.931167236328125000e+03	1.952140045166015625e+01	1.644923985004425049e-01
3.931172363281250000e+03	1.987159919738769531e+01	1.648208349943161011e-01
4.151456054687500000e+03	1.970750045776367188e+01	1.173943504691123962e-01
4.151461914062500000e+03	1.959429931640625000e+01	1.126202791929244995e-01
4.151468261718750000e+03	1.955369949340820312e+01	1.107998937368392944e-01
4.151476074218750000e+03	1.964920043945312500e+01	1.150190904736518860e-01
4.197247558593750000e+03	1.967670059204101562e+01	1.180691346526145935e-01
4.197250976562500000e+03	1.943190002441406250e+01	1.076013892889022827e-01
4.197254882812500000e+03	1.963540077209472656e+01	1.166652292013168335e-01
4.197258300781250000e+03	1.972019958496093750e+01	1.204916387796401978e-01
4.202305175781250000e+03	1.964699935913085938e+01	1.233765706419944763e-01
4.202310058593750000e+03	1.954339981079101562e+01	1.167929023504257202e-01
4.202314453125000000e+03	1.971069908142089844e+01	1.262382268905639648e-01
4.202319335937500000e+03	1.972299957275390625e+01	1.285263597965240479e-01
4.215234863281250000e+03	1.968810081481933594e+01	1.185916513204574585e-01
4.215238769531250000e+03	1.967569923400878906e+01	1.186348646879196167e-01
4.215242675781250000e+03	1.954809951782226562e+01	1.131743043661117554e-01
4.215247070312500000e+03	1.981040000915527344e+01	1.248795762658119202e-01
4.231178710937500000e+03	1.963450050354003906e+01	1.174685359001159668e-01
4.231183105468750000e+03	1.969989967346191406e+01	1.202981248497962952e-01
4.231187500000000000e+03	1.975289916992187500e+01	1.226818263530731201e-01
4.231191406250000000e+03	1.974650001525878906e+01	1.219618245959281921e-01
4.973500000000000000e+03	1.961009979248046875e+01	9.804974496364593506e-02
5.001500000000000000e+03	1.946980094909667969e+01	9.735891968011856079e-02
4.580500000000000000e+03	1.930960083007812500e+01	9.220494329929351807e-02
4.896500000000000000e+03	1.925550079345703125e+01	8.567629754543304443e-02
4.923500000000000000e+03	1.942460060119628906e+01	9.174533188343048096e-02
5.006500000000000000e+03	1.934959983825683594e+01	9.110350161790847778e-02
4.896500000000000000e+03	1.938850021362304688e+01	8.904886245727539062e-02
4.579500000000000000e+03	1.939089965820312500e+01	9.502674639225006104e-02
5.001500000000000000e+03	1.946240043640136719e+01	9.749632328748703003e-02
4.973500000000000000e+03	1.922229957580566406e+01	8.728630840778350830e-02
4.449500000000000000e+03	1.941259956359863281e+01	9.270386397838592529e-02
2.049243408203125000e+03	2.193070030212402344e+01	3.946449160575866699e-01
2.021302978515625000e+03	2.248360061645507812e+01	5.362896323204040527e-01
2.752268066406250000e+03	2.265760040283203125e+01	5.474550127983093262e-01
3.923211425781250000e+03	2.149460029602050781e+01	3.198826909065246582e-01
4.197247558593750000e+03	2.259840011596679688e+01	5.009042024612426758e-01
4.896500000000000000e+03	1.927709960937500000e+01	8.636331558227539062e-02
4.973500000000000000e+03	1.932889938354492188e+01	8.974641561508178711e-02
