4.639500000000000000e+03	2.189369964599609375e+01	2.889820337295532227e-01
4.646500000000000000e+03	2.226189994812011719e+01	3.338512480258941650e-01
5.390500000000000000e+03	2.127560043334960938e+01	1.950431019067764282e-01
4.511500000000000000e+03	2.091740036010742188e+01	1.638115495443344116e-01
5.647500000000000000e+03	2.159000015258789062e+01	2.084861248731613159e-01
5.331500000000000000e+03	2.221450042724609375e+01	3.275787532329559326e-01
4.612500000000000000e+03	2.084440040588378906e+01	1.737225800752639771e-01
5.675500000000000000e+03	2.226329994201660156e+01	3.081927001476287842e-01
4.511500000000000000e+03	2.050670051574707031e+01	1.367928087711334229e-01
5.675500000000000000e+03	2.131949996948242188e+01	1.870703995227813721e-01
5.715500000000000000e+03	2.161429977416992188e+01	2.160411626100540161e-01
5.390500000000000000e+03	2.176630020141601562e+01	2.491931021213531494e-01
4.974500000000000000e+03	2.202610015869140625e+01	2.717792391777038574e-01
4.626500000000000000e+03	2.137840080261230469e+01	2.153372466564178467e-01
4.974500000000000000e+03	2.204500007629394531e+01	2.729423642158508301e-01
5.293500000000000000e+03	2.223270034790039062e+01	3.241148591041564941e-01
5.705500000000000000e+03	2.127779960632324219e+01	1.844492405652999878e-01
5.715500000000000000e+03	2.114170074462890625e+01	1.726901978254318237e-01
2.675549316406250000e+03	2.098019981384277344e+01	4.799746870994567871e-01
2.698457031250000000e+03	2.104319953918457031e+01	4.953897595405578613e-01
3.032506103515625000e+03	2.106629943847656250e+01	5.037241578102111816e-01
1.675268310546875000e+03	2.096339988708496094e+01	4.763670265674591064e-01
2.339477539062500000e+03	2.108349990844726562e+01	5.259590744972229004e-01
3.549152099609375000e+03	2.015449905395507812e+01	3.043113648891448975e-01
4.295500000000000000e+03	2.156459999084472656e+01	2.165209054946899414e-01
5.349500000000000000e+03	2.149230003356933594e+01	2.250282019376754761e-01
4.511500000000000000e+03	2.105080032348632812e+01	1.737695783376693726e-01
4.581500000000000000e+03	2.128739929199218750e+01	2.052204459905624390e-01
4.982500000000000000e+03	2.137910079956054688e+01	1.987982690334320068e-01
4.626500000000000000e+03	2.095579910278320312e+01	1.753838956356048584e-01
5.005500000000000000e+03	2.162089920043945312e+01	2.234383821487426758e-01
4.511500000000000000e+03	2.083289909362792969e+01	1.572614908218383789e-01
4.948500000000000000e+03	2.263669967651367188e+01	3.611705601215362549e-01
4.295500000000000000e+03	2.236899948120117188e+01	3.285784721374511719e-01
4.974500000000000000e+03	2.166720008850097656e+01	2.257705628871917725e-01
5.627500000000000000e+03	2.082500076293945312e+01	1.482430994510650635e-01
5.627500000000000000e+03	2.181690025329589844e+01	2.350161224603652954e-01
5.692500000000000000e+03	2.155430030822753906e+01	2.066663652658462524e-01
5.705500000000000000e+03	2.260320091247558594e+01	3.676320016384124756e-01
5.647500000000000000e+03	2.265929985046386719e+01	3.625788092613220215e-01
5.715500000000000000e+03	2.179249954223632812e+01	2.356647998094558716e-01
4.626500000000000000e+03	2.168530082702636719e+01	2.511772215366363525e-01
4.833500000000000000e+03	2.135479927062988281e+01	1.839007437229156494e-01
5.217500000000000000e+03	2.122890090942382812e+01	1.881146430969238281e-01
4.948500000000000000e+03	2.261100006103515625e+01	3.573758900165557861e-01
5.627500000000000000e+03	2.147859954833984375e+01	1.972911804914474487e-01
4.626500000000000000e+03	2.129010009765625000e+01	2.069160938262939453e-01
5.005500000000000000e+03	2.177210044860839844e+01	2.404179722070693970e-01
4.639500000000000000e+03	2.111459922790527344e+01	1.941396743059158325e-01
5.005500000000000000e+03	2.251609992980957031e+01	3.578867316246032715e-01
4.639500000000000000e+03	2.070269966125488281e+01	1.603482365608215332e-01
5.277500000000000000e+03	2.145599937438964844e+01	2.193709462881088257e-01
5.675500000000000000e+03	2.209070014953613281e+01	2.784478068351745605e-01
5.277500000000000000e+03	2.242060089111328125e+01	3.663502037525177002e-01
5.692500000000000000e+03	2.235519981384277344e+01	3.126842081546783447e-01
4.926500000000000000e+03	2.043759918212890625e+01	1.277925968170166016e-01
4.896500000000000000e+03	2.172699928283691406e+01	2.241859585046768188e-01
4.295500000000000000e+03	2.184230041503906250e+01	2.458750456571578979e-01
4.982500000000000000e+03	2.075959968566894531e+01	1.505711674690246582e-01
5.627500000000000000e+03	2.166869926452636719e+01	2.151859998703002930e-01
5.705500000000000000e+03	2.144020080566406250e+01	1.991071254014968872e-01
4.974500000000000000e+03	2.166530036926269531e+01	2.262108176946640015e-01
5.693087768554687500e+02	2.183429908752441406e+01	3.451618850231170654e-01
9.362736816406250000e+02	2.231819915771484375e+01	4.130383133888244629e-01
1.310225463867187500e+03	2.143910026550292969e+01	2.590491473674774170e-01
1.310230957031250000e+03	2.140379905700683594e+01	2.579872906208038330e-01
2.022404785156250000e+03	2.206110000610351562e+01	4.154753088951110840e-01
2.430206054687500000e+03	2.230200004577636719e+01	4.405578970909118652e-01
2.430211181640625000e+03	2.150239944458007812e+01	2.813051044940948486e-01
2.430221679687500000e+03	2.188339996337890625e+01	3.506750166416168213e-01
3.114337890625000000e+03	2.170429992675781250e+01	3.987405896186828613e-01
3.114347900390625000e+03	2.223710060119628906e+01	5.415297746658325195e-01
3.114358154296875000e+03	2.117329978942871094e+01	2.976082563400268555e-01
3.122379638671875000e+03	2.115500068664550781e+01	2.947313785552978516e-01
3.133209960937500000e+03	2.174060058593750000e+01	4.070533514022827148e-01
3.408494628906250000e+03	2.118479919433593750e+01	2.994868159294128418e-01
3.550216796875000000e+03	2.164529991149902344e+01	3.857362866401672363e-01
3.550226318359375000e+03	2.147179985046386719e+01	3.501926660537719727e-01
3.854328613281250000e+03	2.197310066223144531e+01	3.690194487571716309e-01
3.854333251953125000e+03	2.226329994201660156e+01	4.344478249549865723e-01
3.854337890625000000e+03	2.230039978027343750e+01	4.436249732971191406e-01
3.854342529296875000e+03	2.109160041809082031e+01	2.308824807405471802e-01
4.177522949218750000e+03	2.268849945068359375e+01	4.991898536682128906e-01
5.277500000000000000e+03	2.168639945983886719e+01	2.461607456207275391e-01
5.705500000000000000e+03	2.157959938049316406e+01	2.123925238847732544e-01
4.646500000000000000e+03	2.156690025329589844e+01	2.317340970039367676e-01
5.217500000000000000e+03	2.187549972534179688e+01	2.590157389640808105e-01
5.217500000000000000e+03	2.167639923095703125e+01	2.346196621656417847e-01
5.355500000000000000e+03	2.185580062866210938e+01	2.736866772174835205e-01
