4.612500000000000000e+03	1.793910026550292969e+01	6.765278428792953491e-02
4.602500000000000000e+03	1.791510009765625000e+01	6.738384813070297241e-02
5.367500000000000000e+03	1.791979980468750000e+01	6.669575721025466919e-02
4.968500000000000000e+03	1.676639938354492188e+01	8.188793808221817017e-02
5.763500000000000000e+03	1.804380035400390625e+01	6.583683937788009644e-02
5.423500000000000000e+03	1.797739982604980469e+01	6.692324578762054443e-02
5.367500000000000000e+03	1.798360061645507812e+01	6.749071925878524780e-02
5.719500000000000000e+03	1.804249954223632812e+01	6.551057845354080200e-02
5.822500000000000000e+03	1.800620079040527344e+01	6.493899971246719360e-02
4.305500000000000000e+03	1.785070037841796875e+01	6.391495466232299805e-02
4.941500000000000000e+03	1.782029914855957031e+01	6.677870452404022217e-02
4.910500000000000000e+03	1.706310081481933594e+01	7.394604384899139404e-02
4.897500000000000000e+03	1.788089942932128906e+01	6.512662023305892944e-02
4.305500000000000000e+03	1.782859992980957031e+01	6.379895657300949097e-02
4.672500000000000000e+03	1.795709991455078125e+01	6.797361373901367188e-02
5.822500000000000000e+03	1.802790069580078125e+01	6.508148461580276489e-02
4.606500000000000000e+03	1.785350036621093750e+01	6.680601090192794800e-02
5.738500000000000000e+03	1.805330085754394531e+01	6.559482216835021973e-02
5.738500000000000000e+03	1.802700042724609375e+01	6.532920151948928833e-02
2.213897857666015625e+02	1.872050094604492188e+01	2.080603539943695068e-01
2.213970489501953125e+02	1.837010002136230469e+01	1.759791523218154907e-01
2.214043273925781250e+02	1.840169906616210938e+01	1.785845607519149780e-01
2.214116210937500000e+02	1.849130058288574219e+01	1.862699687480926514e-01
2.303491363525390625e+02	1.892980003356933594e+01	1.649072319269180298e-01
2.303572998046875000e+02	1.890410041809082031e+01	1.639269143342971802e-01
2.303655395507812500e+02	1.853339958190917969e+01	1.389852911233901978e-01
2.303737945556640625e+02	1.879910087585449219e+01	1.559364497661590576e-01
3.112268066406250000e+02	1.911160087585449219e+01	1.833013445138931274e-01
3.112346496582031250e+02	1.913949966430664062e+01	1.857269257307052612e-01
3.112424926757812500e+02	1.901930046081542969e+01	1.754810065031051636e-01
3.112503967285156250e+02	1.900769996643066406e+01	1.748625785112380981e-01
3.022661743164062500e+02	1.920039939880371094e+01	1.922149062156677246e-01
3.022737426757812500e+02	1.900180053710937500e+01	1.752288788557052612e-01
3.022812805175781250e+02	1.903720092773437500e+01	1.780306398868560791e-01
3.022888488769531250e+02	1.930299949645996094e+01	2.028912305831909180e-01
2.472741851806640625e+02	1.878840065002441406e+01	1.566925048828125000e-01
2.472825317382812500e+02	1.886050033569335938e+01	1.615473181009292603e-01
2.472909088134765625e+02	1.881609916687011719e+01	1.583875715732574463e-01
2.472993164062500000e+02	1.897750091552734375e+01	1.715881824493408203e-01
2.573580627441406250e+02	1.901269912719726562e+01	1.887430399656295776e-01
2.573657531738281250e+02	1.925709915161132812e+01	2.123019844293594360e-01
2.573734741210937500e+02	1.902560043334960938e+01	1.893658638000488281e-01
2.573811645507812500e+02	1.901339912414550781e+01	1.883602440357208252e-01
6.034226074218750000e+02	1.902179908752441406e+01	1.802284270524978638e-01
6.034304199218750000e+02	1.903720092773437500e+01	1.810749769210815430e-01
6.034381713867187500e+02	1.902869987487792969e+01	1.801752895116806030e-01
6.034458618164062500e+02	1.950060081481933594e+01	2.263212949037551880e-01
5.214808959960937500e+02	1.934589958190917969e+01	2.037587165832519531e-01
5.214875488281250000e+02	1.931940078735351562e+01	2.015889286994934082e-01
5.214942016601562500e+02	1.915559959411621094e+01	1.857739388942718506e-01
5.215008544921875000e+02	1.921089935302734375e+01	1.904530674219131470e-01
5.675108642578125000e+02	1.903059959411621094e+01	2.175295799970626831e-01
5.675143432617187500e+02	1.928289985656738281e+01	2.468505948781967163e-01
5.675177612304687500e+02	1.921380043029785156e+01	2.382378429174423218e-01
5.675211791992187500e+02	1.937260055541992188e+01	2.594171762466430664e-01
6.103832397460937500e+02	1.918680000305175781e+01	1.966504454612731934e-01
6.103914184570312500e+02	1.930290031433105469e+01	2.081282883882522583e-01
6.103995361328125000e+02	1.905159950256347656e+01	1.847024559974670410e-01
6.104076538085937500e+02	1.931539916992187500e+01	2.099372893571853638e-01
6.303660888671875000e+02	1.914419937133789062e+01	1.893408149480819702e-01
6.303746948242187500e+02	1.913759994506835938e+01	1.893783807754516602e-01
6.303833007812500000e+02	1.884289932250976562e+01	1.650173962116241455e-01
6.373320312500000000e+02	1.927079963684082031e+01	2.040292620658874512e-01
6.373401489257812500e+02	1.903120040893554688e+01	1.824752092361450195e-01
6.373482055664062500e+02	1.928540039062500000e+01	2.062192857265472412e-01
6.373563232421875000e+02	1.887350082397460938e+01	1.699747592210769653e-01
7.441204223632812500e+02	1.902910041809082031e+01	1.700707972049713135e-01
7.461112060546875000e+02	1.905540084838867188e+01	1.685050874948501587e-01
7.461208496093750000e+02	1.921310043334960938e+01	1.819898188114166260e-01
7.461305541992187500e+02	1.919009971618652344e+01	1.800479739904403687e-01
7.461401977539062500e+02	1.903160095214843750e+01	1.683360189199447632e-01
7.541007690429687500e+02	1.978910064697265625e+01	3.655327558517456055e-01
7.541050415039062500e+02	1.926790046691894531e+01	2.768065333366394043e-01
7.541093139648437500e+02	1.954199981689453125e+01	3.207539021968841553e-01
7.541135253906250000e+02	1.939439964294433594e+01	2.966070175170898438e-01
9.594076538085937500e+02	1.958720016479492188e+01	2.315202951431274414e-01
9.594163818359375000e+02	1.938209915161132812e+01	2.238859832286834717e-01
9.594251708984375000e+02	1.929050064086914062e+01	1.996402144432067871e-01
9.594338989257812500e+02	1.930830001831054688e+01	2.018657326698303223e-01
1.046183715820312500e+03	1.875219917297363281e+01	1.585723161697387695e-01
1.046195068359375000e+03	1.944359970092773438e+01	2.290240824222564697e-01
1.046199462890625000e+03	1.941620063781738281e+01	2.188114225864410400e-01
1.008236389160156250e+03	1.917539978027343750e+01	1.889291852712631226e-01
1.008242980957031250e+03	1.950609970092773438e+01	2.210151702165603638e-01
1.008249511718750000e+03	1.938520050048828125e+01	2.092077136039733887e-01
1.008256164550781250e+03	1.961219978332519531e+01	2.350658327341079712e-01
1.019259460449218750e+03	1.974909973144531250e+01	2.532722353935241699e-01
1.019276611328125000e+03	1.919729995727539062e+01	2.602256834506988525e-01
9.274521484375000000e+02	1.896369934082031250e+01	1.641739755868911743e-01
9.274608154296875000e+02	1.908860015869140625e+01	1.736756414175033569e-01
9.274695434570312500e+02	1.885799980163574219e+01	1.568901687860488892e-01
9.274782104492187500e+02	1.922139930725097656e+01	1.849452257156372070e-01
9.813695068359375000e+02	1.917729949951171875e+01	1.858445405960083008e-01
9.813779296875000000e+02	2.001799964904785156e+01	2.838993072509765625e-01
9.813864135742187500e+02	1.907699966430664062e+01	1.775936633348464966e-01
9.813948364257812500e+02	1.941519927978515625e+01	2.086058408021926880e-01
9.873189086914062500e+02	1.939389991760253906e+01	2.112782448530197144e-01
9.873255004882812500e+02	1.924029922485351562e+01	1.960865110158920288e-01
9.873322143554687500e+02	1.903619956970214844e+01	1.786877661943435669e-01
9.873389282226562500e+02	1.932119941711425781e+01	2.043490111827850342e-01
9.953544921875000000e+02	1.910180091857910156e+01	1.795837283134460449e-01
9.953589477539062500e+02	1.944610023498535156e+01	2.120490819215774536e-01
9.953634643554687500e+02	1.906240081787109375e+01	1.758321374654769897e-01
9.953679809570312500e+02	1.911610031127929688e+01	1.807197481393814087e-01
1.142078369140625000e+03	1.888080024719238281e+01	1.629439145326614380e-01
1.142083740234375000e+03	1.962610054016113281e+01	2.326677143573760986e-01
1.142089111328125000e+03	1.941390037536621094e+01	2.105514854192733765e-01
1.098156982421875000e+03	1.925779914855957031e+01	1.683697849512100220e-01
1.098166870117187500e+03	1.940410041809082031e+01	1.807412058115005493e-01
1.098176757812500000e+03	1.977029991149902344e+01	2.163670212030410767e-01
1.098186645507812500e+03	2.038789939880371094e+01	3.018711209297180176e-01
1.109113891601562500e+03	2.015049934387207031e+01	3.123943209648132324e-01
1.109118774414062500e+03	1.945969963073730469e+01	2.174319475889205933e-01
1.109123535156250000e+03	1.970199966430664062e+01	2.461035251617431641e-01
1.109128540039062500e+03	1.972570037841796875e+01	2.494906932115554810e-01
1.310399169921875000e+03	1.908060073852539062e+01	1.748337596654891968e-01
1.310404174804687500e+03	1.910689926147460938e+01	1.771201342344284058e-01
1.310409301757812500e+03	1.885280036926269531e+01	1.579459011554718018e-01
1.310414306640625000e+03	1.900250053405761719e+01	1.675823777914047241e-01
1.318477416992187500e+03	1.915250015258789062e+01	1.810641735792160034e-01
1.318482543945312500e+03	1.904170036315917969e+01	1.711933314800262451e-01
1.318487548828125000e+03	1.883939933776855469e+01	1.565808951854705811e-01
1.318492675781250000e+03	1.905780029296875000e+01	1.734041422605514526e-01
1.336413085937500000e+03	1.909289932250976562e+01	1.757539063692092896e-01
1.336418090820312500e+03	1.909359931945800781e+01	1.755296289920806885e-01
1.336423095703125000e+03	1.918829917907714844e+01	1.834928989410400391e-01
1.336428222656250000e+03	1.903149986267089844e+01	1.713544875383377075e-01
1.256508666992187500e+03	1.895159912109375000e+01	1.616865843534469604e-01
1.378315185546875000e+03	1.945919990539550781e+01	2.126103490591049194e-01
1.378323242187500000e+03	1.925769996643066406e+01	1.932229697704315186e-01
1.378331665039062500e+03	1.912759971618652344e+01	1.845756918191909790e-01
1.378339965820312500e+03	1.895999908447265625e+01	1.686577349901199341e-01
1.391358032226562500e+03	1.925440025329589844e+01	1.990923881530761719e-01
1.391364624023437500e+03	1.857959938049316406e+01	1.468187421560287476e-01
1.391371093750000000e+03	1.947680091857910156e+01	2.250064909458160400e-01
1.391377563476562500e+03	1.970980072021484375e+01	2.561601102352142334e-01
1.279470092773437500e+03	1.904249954223632812e+01	1.683951169252395630e-01
1.279477539062500000e+03	1.889469909667968750e+01	1.576023846864700317e-01
1.279484863281250000e+03	1.905209922790527344e+01	1.690757274627685547e-01
1.279492309570312500e+03	1.902939987182617188e+01	1.678323000669479370e-01
1.344410034179687500e+03	1.931839942932128906e+01	1.991661339998245239e-01
1.347240478515625000e+03	1.890480041503906250e+01	1.717325299978256226e-01
1.347247558593750000e+03	1.900379943847656250e+01	1.782453656196594238e-01
1.347254638671875000e+03	1.923110008239746094e+01	1.973628103733062744e-01
1.347261596679687500e+03	1.899659919738769531e+01	1.766905784606933594e-01
1.497091186523437500e+03	1.955010032653808594e+01	2.144534140825271606e-01
1.497095947265625000e+03	1.896759986877441406e+01	1.632389426231384277e-01
1.497100708007812500e+03	1.896019935607910156e+01	1.633376926183700562e-01
1.483098876953125000e+03	1.899620056152343750e+01	2.015889286994934082e-01
1.483104003906250000e+03	1.896890068054199219e+01	1.999234408140182495e-01
1.483109252929687500e+03	1.913750076293945312e+01	2.179804593324661255e-01
1.483114868164062500e+03	1.903310012817382812e+01	2.067495137453079224e-01
1.674399414062500000e+03	1.877409934997558594e+01	1.494961529970169067e-01
1.674404174804687500e+03	1.880690002441406250e+01	1.521217972040176392e-01
1.674409057617187500e+03	1.871500015258789062e+01	1.456598341464996338e-01
1.674413940429687500e+03	1.897680091857910156e+01	1.639885604381561279e-01
1.796231689453125000e+03	1.884379959106445312e+01	1.975062787532806396e-01
1.796242553710937500e+03	1.899110031127929688e+01	2.164246886968612671e-01
1.796247924804687500e+03	1.899169921875000000e+01	2.144534140825271606e-01
1.639471679687500000e+03	1.890749931335449219e+01	1.569364070892333984e-01
1.748329711914062500e+03	1.862280082702636719e+01	1.424255669116973877e-01
1.748335083007812500e+03	1.860339927673339844e+01	1.416518092155456543e-01
1.748340454101562500e+03	1.874069976806640625e+01	1.503720730543136597e-01
1.748345947265625000e+03	1.868020057678222656e+01	1.471478641033172607e-01
1.716349121093750000e+03	1.885880088806152344e+01	1.596477627754211426e-01
1.716355224609375000e+03	1.882629966735839844e+01	1.581967771053314209e-01
1.716361328125000000e+03	1.874460029602050781e+01	1.518387943506240845e-01
1.716367431640625000e+03	1.858189964294433594e+01	1.420597732067108154e-01
1.731275024414062500e+03	1.876149940490722656e+01	1.529581695795059204e-01
1.731280639648437500e+03	1.876600074768066406e+01	1.532609015703201294e-01
1.731286254882812500e+03	1.884910011291503906e+01	1.590479165315628052e-01
1.731291870117187500e+03	1.865489959716796875e+01	1.464304178953170776e-01
1.871085083007812500e+03	1.883550071716308594e+01	1.619146764278411865e-01
1.871090576171875000e+03	1.898189926147460938e+01	1.743369549512863159e-01
1.871096069335937500e+03	1.833250045776367188e+01	1.320705562829971313e-01
1.871101562500000000e+03	1.862039947509765625e+01	1.509319245815277100e-01
1.848125488281250000e+03	1.865480041503906250e+01	1.492910832166671753e-01
1.848130371093750000e+03	1.894829940795898438e+01	1.701232790946960449e-01
1.848135253906250000e+03	1.889450073242187500e+01	1.671027839183807373e-01
1.848140136718750000e+03	1.885810089111328125e+01	1.643445640802383423e-01
2.047363037109375000e+03	1.842889976501464844e+01	1.314263790845870972e-01
2.054411376953125000e+03	1.840119934082031250e+01	1.341197043657302856e-01
2.054418945312500000e+03	1.848900032043457031e+01	1.394038349390029907e-01
2.054426513671875000e+03	1.842930030822753906e+01	1.358572095632553101e-01
2.054434082031250000e+03	1.847879981994628906e+01	1.386807709932327271e-01
2.132210693359375000e+03	1.841659927368164062e+01	1.329774856567382812e-01
2.132218017578125000e+03	1.851860046386718750e+01	1.391470134258270264e-01
2.132225585937500000e+03	1.858930015563964844e+01	1.432105004787445068e-01
2.132232910156250000e+03	1.836319923400878906e+01	1.302332729101181030e-01
2.102309082031250000e+03	1.833650016784667969e+01	1.268354356288909912e-01
2.102316406250000000e+03	1.850790023803710938e+01	1.502587497234344482e-01
2.102323974609375000e+03	1.855100059509277344e+01	1.393909454345703125e-01
2.102331542968750000e+03	1.849080085754394531e+01	1.355429738759994507e-01
2.110278320312500000e+03	1.853380012512207031e+01	1.392709314823150635e-01
2.110285888671875000e+03	1.848060035705566406e+01	1.366371661424636841e-01
2.110293212890625000e+03	1.829310035705566406e+01	1.261796951293945312e-01
2.110300781250000000e+03	1.850539970397949219e+01	1.370980590581893921e-01
2.116295898437500000e+03	1.847970008850097656e+01	1.344889104366302490e-01
2.116300537109375000e+03	1.844569969177246094e+01	1.325990408658981323e-01
2.116304931640625000e+03	1.836770057678222656e+01	1.287187486886978149e-01
2.116309570312500000e+03	1.827580070495605469e+01	1.238613426685333252e-01
2.022432373046875000e+03	1.866279983520507812e+01	1.446814090013504028e-01
2.022447387695312500e+03	1.857559967041015625e+01	1.386513113975524902e-01
2.032503540039062500e+03	1.895590019226074219e+01	1.726165860891342163e-01
2.032506103515625000e+03	1.867169952392578125e+01	1.521928608417510986e-01
2.032508666992187500e+03	1.998979949951171875e+01	2.897234857082366943e-01
2.032511230468750000e+03	1.932399940490722656e+01	2.057752609252929688e-01
2.083397705078125000e+03	1.846430015563964844e+01	1.341568231582641602e-01
2.083402099609375000e+03	1.834160041809082031e+01	1.277710795402526855e-01
2.083406738281250000e+03	1.855640029907226562e+01	1.394167244434356689e-01
2.083411376953125000e+03	1.840519905090332031e+01	1.312279850244522095e-01
2.091274169921875000e+03	1.852519989013671875e+01	1.378602534532546997e-01
2.091279785156250000e+03	1.839349937438964844e+01	1.304658651351928711e-01
2.091285644531250000e+03	1.857489967346191406e+01	1.400668323040008545e-01
2.091291259765625000e+03	1.865480041503906250e+01	1.448791325092315674e-01
2.410432373046875000e+03	1.831100082397460938e+01	1.270450204610824585e-01
2.410437500000000000e+03	1.844289970397949219e+01	1.339531689882278442e-01
2.410442871093750000e+03	1.850189971923828125e+01	1.372354626655578613e-01
2.410447998046875000e+03	1.859790039062500000e+01	1.428513079881668091e-01
2.428301025390625000e+03	1.859020042419433594e+01	1.423930227756500244e-01
2.428307861328125000e+03	1.859830093383789062e+01	1.428748369216918945e-01
2.428314941406250000e+03	1.879129981994628906e+01	1.552821993827819824e-01
2.428321777343750000e+03	1.844370079040527344e+01	1.339938044548034668e-01
2.468351074218750000e+03	1.856310081481933594e+01	1.407774090766906738e-01
2.468360351562500000e+03	1.841500091552734375e+01	1.324431747198104858e-01
2.468369628906250000e+03	1.841570091247558594e+01	1.324785351753234863e-01
2.468378906250000000e+03	1.871789932250976562e+01	1.503834277391433716e-01
2.475314453125000000e+03	1.832449913024902344e+01	1.332333087921142578e-01
2.475322753906250000e+03	1.835180091857910156e+01	1.355854719877243042e-01
2.475329833984375000e+03	1.837540054321289062e+01	1.371626555919647217e-01
2.475336669921875000e+03	1.829089927673339844e+01	1.324007958173751831e-01
2.379441162109375000e+03	1.883119964599609375e+01	1.580406576395034790e-01
2.399392089843750000e+03	1.824519920349121094e+01	1.238125115633010864e-01
2.437355468750000000e+03	1.920800018310546875e+01	1.879311203956604004e-01
2.437359863281250000e+03	1.893070030212402344e+01	1.652464419603347778e-01
2.437364257812500000e+03	1.899390029907226562e+01	1.700620651245117188e-01
2.437368896484375000e+03	1.962280082702636719e+01	2.303901463747024536e-01
2.452385498046875000e+03	1.858379936218261719e+01	1.420045047998428345e-01
2.452392822265625000e+03	1.848850059509277344e+01	1.364782303571701050e-01
2.452400146484375000e+03	1.837500000000000000e+01	1.303227841854095459e-01
2.452407714843750000e+03	1.853330039978027344e+01	1.390362828969955444e-01
2.732468994140625000e+03	1.828179931640625000e+01	1.251698583364486694e-01
2.732482666015625000e+03	1.850279998779296875e+01	1.372030824422836304e-01
2.763423828125000000e+03	1.849049949645996094e+01	1.422769725322723389e-01
2.763430664062500000e+03	1.854140090942382812e+01	1.455034613609313965e-01
2.763437255859375000e+03	1.826140022277832031e+01	1.293059438467025757e-01
2.763444091796875000e+03	1.837229919433593750e+01	1.351549923419952393e-01
2.770418701171875000e+03	1.857519912719726562e+01	1.423790752887725830e-01
2.770425292968750000e+03	1.858510017395019531e+01	1.427057534456253052e-01
2.770432373046875000e+03	1.839319992065429688e+01	1.318996548652648926e-01
2.770438964843750000e+03	1.833200073242187500e+01	1.285893172025680542e-01
2.797377929687500000e+03	1.857950019836425781e+01	1.456244736909866333e-01
2.797384765625000000e+03	1.836680030822753906e+01	1.337029933929443359e-01
2.797391601562500000e+03	1.856299972534179688e+01	1.450330466032028198e-01
2.797398437500000000e+03	1.840609931945800781e+01	1.360721588134765625e-01
2.812364746093750000e+03	1.845229911804199219e+01	1.334109753370285034e-01
2.812372802734375000e+03	1.842810058593750000e+01	1.331466138362884521e-01
2.812381347656250000e+03	1.846100044250488281e+01	1.343504637479782104e-01
2.812389892578125000e+03	1.831349945068359375e+01	1.263232827186584473e-01
2.823317871093750000e+03	1.820669937133789062e+01	1.204940676689147949e-01
2.823322998046875000e+03	1.827149963378906250e+01	1.233979538083076477e-01
2.823327880859375000e+03	1.849320030212402344e+01	1.351626217365264893e-01
2.823333007812500000e+03	1.850230026245117188e+01	1.351893842220306396e-01
2.839337890625000000e+03	1.853919982910156250e+01	1.374710500240325928e-01
2.839342529296875000e+03	1.828739929199218750e+01	1.247619837522506714e-01
2.839346923828125000e+03	1.837120056152343750e+01	1.291613727807998657e-01
2.839351562500000000e+03	1.853910064697265625e+01	1.383286714553833008e-01
2.845246337890625000e+03	1.831200027465820312e+01	1.257268786430358887e-01
2.845254638671875000e+03	1.831349945068359375e+01	1.261563301086425781e-01
2.845263183593750000e+03	1.847330093383789062e+01	1.342982202768325806e-01
2.845271728515625000e+03	1.844729995727539062e+01	1.332116127014160156e-01
2.939131591796875000e+03	1.817930030822753906e+01	1.118443459272384644e-01
2.939136230468750000e+03	1.830610084533691406e+01	1.173464581370353699e-01
2.939141113281250000e+03	1.834690093994140625e+01	1.185212731361389160e-01
2.939145996093750000e+03	1.836809921264648438e+01	1.195437014102935791e-01
2.946103027343750000e+03	1.815950012207031250e+01	1.132434532046318054e-01
2.946108642578125000e+03	1.813730049133300781e+01	1.124654114246368408e-01
2.946114013671875000e+03	1.798150062561035156e+01	1.065862253308296204e-01
2.946119628906250000e+03	1.801149940490722656e+01	1.083922758698463440e-01
3.125372802734375000e+03	1.810460090637207031e+01	1.235453709959983826e-01
3.125381103515625000e+03	1.829490089416503906e+01	1.325493752956390381e-01
3.125389404296875000e+03	1.804929924011230469e+01	1.200221776962280273e-01
3.125397705078125000e+03	1.822800064086914062e+01	1.281139105558395386e-01
3.141321044921875000e+03	1.829459953308105469e+01	1.175210177898406982e-01
3.141329101562500000e+03	1.797439956665039062e+01	1.043179407715797424e-01
3.141337402343750000e+03	1.820339965820312500e+01	1.133578419685363770e-01
3.141345458984375000e+03	1.815259933471679688e+01	1.108834668993949890e-01
3.155470214843750000e+03	1.822229957580566406e+01	1.261446475982666016e-01
3.155475097656250000e+03	1.824799919128417969e+01	1.277710795402526855e-01
3.155479980468750000e+03	1.802680015563964844e+01	1.174772754311561584e-01
3.155484863281250000e+03	1.792480087280273438e+01	1.131724417209625244e-01
3.170364990234375000e+03	1.823509979248046875e+01	1.252010166645050049e-01
3.170373535156250000e+03	1.820689964294433594e+01	1.240464821457862854e-01
3.170382080078125000e+03	1.803089904785156250e+01	1.165995001792907715e-01
3.170390625000000000e+03	1.810219955444335938e+01	1.195766106247901917e-01
3.178394775390625000e+03	1.813479995727539062e+01	1.242904886603355408e-01
3.178401611328125000e+03	1.821940040588378906e+01	1.282601803541183472e-01
3.178408447265625000e+03	1.807229995727539062e+01	1.209933906793594360e-01
3.178415283203125000e+03	1.811919975280761719e+01	1.236503347754478455e-01
3.183261962890625000e+03	1.806710052490234375e+01	1.186644732952117920e-01
3.183267089843750000e+03	1.818460083007812500e+01	1.240464821457862854e-01
3.183272216796875000e+03	1.812919998168945312e+01	1.210997253656387329e-01
3.183277343750000000e+03	1.804490089416503906e+01	1.177694424986839294e-01
3.196355957031250000e+03	1.814100074768066406e+01	1.301869451999664307e-01
3.196363037109375000e+03	1.802420043945312500e+01	1.202595755457878113e-01
3.196370117187500000e+03	1.815889930725097656e+01	1.291741877794265747e-01
3.196376953125000000e+03	1.804809951782226562e+01	1.235426813364028931e-01
3.203342285156250000e+03	1.792729949951171875e+01	1.086956113576889038e-01
3.203349853515625000e+03	1.789710044860839844e+01	1.080012172460556030e-01
3.203357177734375000e+03	1.810650062561035156e+01	1.167609319090843201e-01
3.203364746093750000e+03	1.805060005187988281e+01	1.150250881910324097e-01
3.210347412109375000e+03	1.807990074157714844e+01	1.255659013986587524e-01
3.210356201171875000e+03	1.810210037231445312e+01	1.271292418241500854e-01
3.210365478515625000e+03	1.804339981079101562e+01	1.246615350246429443e-01
3.210374511718750000e+03	1.799099922180175781e+01	1.226270273327827454e-01
3.221323242187500000e+03	1.790670013427734375e+01	1.140296831727027893e-01
3.221329833984375000e+03	1.782309913635253906e+01	1.107913777232170105e-01
3.221336669921875000e+03	1.808559989929199219e+01	1.234354078769683838e-01
3.221343505859375000e+03	1.791640090942382812e+01	1.157198622822761536e-01
3.288141357421875000e+03	1.791430091857910156e+01	1.171535179018974304e-01
3.288145996093750000e+03	1.783189964294433594e+01	1.172747611999511719e-01
3.288150390625000000e+03	1.790979957580566406e+01	1.171924322843551636e-01
3.288155029296875000e+03	1.787240028381347656e+01	1.150070950388908386e-01
3.319116455078125000e+03	1.805809974670410156e+01	1.178446263074874878e-01
3.319121826171875000e+03	1.784779930114746094e+01	1.097182556986808777e-01
3.319127685546875000e+03	1.798740005493164062e+01	1.158514767885208130e-01
3.319133300781250000e+03	1.801829910278320312e+01	1.170586198568344116e-01
3.495379394531250000e+03	1.785659980773925781e+01	1.105272099375724792e-01
3.495388671875000000e+03	1.780760002136230469e+01	1.084402501583099365e-01
3.495397705078125000e+03	1.782780075073242188e+01	1.089188903570175171e-01
3.495406982421875000e+03	1.786409950256347656e+01	1.101725772023200989e-01
3.501411132812500000e+03	1.774930000305175781e+01	1.052794829010963440e-01
3.501418212890625000e+03	1.781500053405761719e+01	1.075222119688987732e-01
3.501425537109375000e+03	1.786650085449218750e+01	1.099394485354423523e-01
3.501432617187500000e+03	1.783860015869140625e+01	1.084371581673622131e-01
3.520458984375000000e+03	1.779109954833984375e+01	1.029039621353149414e-01
3.520464599609375000e+03	1.772739982604980469e+01	1.005284339189529419e-01
3.520470214843750000e+03	1.775489997863769531e+01	1.017536520957946777e-01
3.520475830078125000e+03	1.781430053710937500e+01	1.042037755250930786e-01
3.530294433593750000e+03	1.802300071716308594e+01	1.182774379849433899e-01
3.530299560546875000e+03	1.781030082702636719e+01	1.097508966922760010e-01
3.530304443359375000e+03	1.776630020141601562e+01	1.081767976284027100e-01
3.530309570312500000e+03	1.778730010986328125e+01	1.085676029324531555e-01
3.539319824218750000e+03	1.773830032348632812e+01	1.070510894060134888e-01
3.539326171875000000e+03	1.779269981384277344e+01	1.089062541723251343e-01
3.539332275390625000e+03	1.802149963378906250e+01	1.180044859647750854e-01
3.539338378906250000e+03	1.777849960327148438e+01	1.079951301217079163e-01
3.551289794921875000e+03	1.793740081787109375e+01	1.103777214884757996e-01
3.551294677734375000e+03	1.810090065002441406e+01	1.171816140413284302e-01
3.551299804687500000e+03	1.804820060729980469e+01	1.149093434214591980e-01
3.551304687500000000e+03	1.794659996032714844e+01	1.107454597949981689e-01
3.558345458984375000e+03	1.792860031127929688e+01	1.038061305880546570e-01
3.558352050781250000e+03	1.802879905700683594e+01	1.074522137641906738e-01
3.558358642578125000e+03	1.802540016174316406e+01	1.073246598243713379e-01
3.558365478515625000e+03	1.808799934387207031e+01	1.097215190529823303e-01
3.568304687500000000e+03	1.826829910278320312e+01	1.249329224228858948e-01
3.568309814453125000e+03	1.802700042724609375e+01	1.140181198716163635e-01
3.568314697265625000e+03	1.799370002746582031e+01	1.126422137022018433e-01
3.568319824218750000e+03	1.798509979248046875e+01	1.122897937893867493e-01
3.577255615234375000e+03	1.794009971618652344e+01	1.042128354310989380e-01
3.577262207031250000e+03	1.796279907226562500e+01	1.050218865275382996e-01
3.577269042968750000e+03	1.793470001220703125e+01	1.040194779634475708e-01
3.577288574218750000e+03	1.809499931335449219e+01	1.099938154220581055e-01
3.588313720703125000e+03	1.791959953308105469e+01	1.034904792904853821e-01
3.588321533203125000e+03	1.792970085144042969e+01	1.038443073630332947e-01
3.588329345703125000e+03	1.809090042114257812e+01	1.098343431949615479e-01
3.588337158203125000e+03	1.796409988403320312e+01	1.050715595483779907e-01
3.666145996093750000e+03	1.797859954833984375e+01	1.120276823639869690e-01
3.666151855468750000e+03	1.794589996337890625e+01	1.107131987810134888e-01
3.666157958984375000e+03	1.800749969482421875e+01	1.132097914814949036e-01
3.666164062500000000e+03	1.800930023193359375e+01	1.132846474647521973e-01
3.847498291015625000e+03	1.810490036010742188e+01	1.143106296658515930e-01
3.847504394531250000e+03	1.798959922790527344e+01	1.094424724578857422e-01
3.847510498046875000e+03	1.797730064392089844e+01	1.090455725789070129e-01
3.847516601562500000e+03	1.790789985656738281e+01	1.064774841070175171e-01
3.856406005859375000e+03	1.801040077209472656e+01	1.108544394373893738e-01
3.856411132812500000e+03	1.804450035095214844e+01	1.123150661587715149e-01
3.856416259765625000e+03	1.806870079040527344e+01	1.133672446012496948e-01
3.856421142578125000e+03	1.807239913940429688e+01	1.135256364941596985e-01
3.864462158203125000e+03	1.798690032958984375e+01	1.109433323144912720e-01
3.864466308593750000e+03	1.793689918518066406e+01	1.088305935263633728e-01
3.864470214843750000e+03	1.781999969482421875e+01	1.049081608653068542e-01
3.864474365234375000e+03	1.809199905395507812e+01	1.153814047574996948e-01
3.873464599609375000e+03	1.816300010681152344e+01	1.183021813631057739e-01
3.873471679687500000e+03	1.803280067443847656e+01	1.128368079662322998e-01
3.873478759765625000e+03	1.806040000915527344e+01	1.140123382210731506e-01
3.873485839843750000e+03	1.789349937438964844e+01	1.074864417314529419e-01
3.879331298828125000e+03	1.801510047912597656e+01	1.134840622544288635e-01
3.879337158203125000e+03	1.815800094604492188e+01	1.192491874098777771e-01
3.879343261718750000e+03	1.798539924621582031e+01	1.120062544941902161e-01
3.879349365234375000e+03	1.800160026550292969e+01	1.125399991869926453e-01
3.885392822265625000e+03	1.785079956054687500e+01	1.053882390260696411e-01
3.885397705078125000e+03	1.795870018005371094e+01	1.097019463777542114e-01
3.885402832031250000e+03	1.798360061645507812e+01	1.103141680359840393e-01
3.885407958984375000e+03	1.798920059204101562e+01	1.103091537952423096e-01
3.891396240234375000e+03	1.793110084533691406e+01	1.074730455875396729e-01
3.891404296875000000e+03	1.804560089111328125e+01	1.119313985109329224e-01
3.891412109375000000e+03	1.810009956359863281e+01	1.143223121762275696e-01
3.891420166015625000e+03	1.804030036926269531e+01	1.118674129247665405e-01
3.900427246093750000e+03	1.779380035400390625e+01	1.041714474558830261e-01
3.900432128906250000e+03	1.806419944763183594e+01	1.145571619272232056e-01
3.900437255859375000e+03	1.791049957275390625e+01	1.085147187113761902e-01
3.900442138671875000e+03	1.810490036010742188e+01	1.168954595923423767e-01
3.913350341796875000e+03	1.812479972839355469e+01	1.172184050083160400e-01
3.913357421875000000e+03	1.819239997863769531e+01	1.195225641131401062e-01
3.913364501953125000e+03	1.800399971008300781e+01	1.134086325764656067e-01
3.913371826171875000e+03	1.818149948120117188e+01	1.199339479207992554e-01
3.919353027343750000e+03	1.814649963378906250e+01	1.188817769289016724e-01
3.919360351562500000e+03	1.798670005798339844e+01	1.147326827049255371e-01
3.919367919921875000e+03	1.813389968872070312e+01	1.200460717082023621e-01
3.919375488281250000e+03	1.810079956054687500e+01	1.237637698650360107e-01
3.936372558593750000e+03	1.816029930114746094e+01	1.199053898453712463e-01
3.936377685546875000e+03	1.801339912414550781e+01	1.135426685214042664e-01
3.936382568359375000e+03	1.806130027770996094e+01	1.158226355910301208e-01
3.936387695312500000e+03	1.810880088806152344e+01	1.179511025547981262e-01
3.942341552734375000e+03	1.808219909667968750e+01	1.193167120218276978e-01
3.942346435546875000e+03	1.796899986267089844e+01	1.151112243533134460e-01
3.942351562500000000e+03	1.814179992675781250e+01	1.226687654852867126e-01
3.942356689453125000e+03	1.808769989013671875e+01	1.203850507736206055e-01
3.963251464843750000e+03	1.794849967956542969e+01	1.141049563884735107e-01
3.963256347656250000e+03	1.794350051879882812e+01	1.120831146836280823e-01
3.963261474609375000e+03	1.833989906311035156e+01	1.776544153690338135e-01
4.041136718750000000e+03	1.833690071105957031e+01	1.306229382753372192e-01
4.041141113281250000e+03	1.810359954833984375e+01	1.196991652250289917e-01
4.041145751953125000e+03	1.809550094604492188e+01	1.196166202425956726e-01
4.041150146484375000e+03	1.824349975585937500e+01	1.273468285799026489e-01
4.201489257812500000e+03	1.799850082397460938e+01	1.266865730285644531e-01
4.201493652343750000e+03	1.807130050659179688e+01	1.277557164430618286e-01
4.201498046875000000e+03	1.780879974365234375e+01	1.169511750340461731e-01
4.201502441406250000e+03	1.778330039978027344e+01	1.172184050083160400e-01
4.215373535156250000e+03	1.807629966735839844e+01	1.170220449566841125e-01
4.215381835937500000e+03	1.809259986877441406e+01	1.175472959876060486e-01
4.215389648437500000e+03	1.803809928894042969e+01	1.151916012167930603e-01
4.215397949218750000e+03	1.794370079040527344e+01	1.109758913516998291e-01
4.225476562500000000e+03	1.771800041198730469e+01	1.022802740335464478e-01
4.225481445312500000e+03	1.803310012817382812e+01	1.142134144902229309e-01
4.225486816406250000e+03	1.804829978942871094e+01	1.147623732686042786e-01
4.225491699218750000e+03	1.792609977722167969e+01	1.100136116147041321e-01
4.233314941406250000e+03	1.809180068969726562e+01	1.169554591178894043e-01
4.233321289062500000e+03	1.806529998779296875e+01	1.156768128275871277e-01
4.233327148437500000e+03	1.817749977111816406e+01	1.202571690082550049e-01
4.233333007812500000e+03	1.789189910888671875e+01	1.084170266985893250e-01
4.242425781250000000e+03	1.798719978332519531e+01	1.115866824984550476e-01
4.242431640625000000e+03	1.799699974060058594e+01	1.121225282549858093e-01
4.242437500000000000e+03	1.806529998779296875e+01	1.149731427431106567e-01
4.242443847656250000e+03	1.802429962158203125e+01	1.130087226629257202e-01
4.257409667968750000e+03	1.783300018310546875e+01	1.073794588446617126e-01
4.257415039062500000e+03	1.792729949951171875e+01	1.110256612300872803e-01
4.257419921875000000e+03	1.801040077209472656e+01	1.145198419690132141e-01
4.257424804687500000e+03	1.785309982299804688e+01	1.081722080707550049e-01
5.367500000000000000e+03	1.795840072631835938e+01	6.719315797090530396e-02
5.056500000000000000e+03	1.774370002746582031e+01	6.695176661014556885e-02
4.683500000000000000e+03	1.799710083007812500e+01	6.844767928123474121e-02
4.683500000000000000e+03	1.799539947509765625e+01	6.839348375797271729e-02
4.602500000000000000e+03	1.801860046386718750e+01	7.455804198980331421e-02
4.649500000000000000e+03	1.797509956359863281e+01	6.822878122329711914e-02
4.968500000000000000e+03	1.736790084838867188e+01	7.297042012214660645e-02
4.897500000000000000e+03	1.780340003967285156e+01	6.542254239320755005e-02
5.042500000000000000e+03	1.783919906616210938e+01	6.500341743230819702e-02
4.683500000000000000e+03	1.796089935302734375e+01	6.794770807027816772e-02
4.305500000000000000e+03	1.784099960327148438e+01	6.378562748432159424e-02
5.399500000000000000e+03	1.802050018310546875e+01	6.769946962594985962e-02
4.612500000000000000e+03	1.790469932556152344e+01	6.719350814819335938e-02
5.325500000000000000e+03	1.794560050964355469e+01	7.043043524026870728e-02
5.719500000000000000e+03	1.802219963073730469e+01	6.537605077028274536e-02
5.738500000000000000e+03	1.803669929504394531e+01	6.542193144559860229e-02
5.028500000000000000e+03	1.778269958496093750e+01	6.561512500047683716e-02
4.897500000000000000e+03	1.789019966125488281e+01	6.604362279176712036e-02
5.423500000000000000e+03	1.792930030822753906e+01	6.638818979263305664e-02
5.299500000000000000e+03	1.801659965515136719e+01	6.725349277257919312e-02
4.606500000000000000e+03	1.795770072937011719e+01	6.782912462949752808e-02
5.028500000000000000e+03	1.781279945373535156e+01	6.574738025665283203e-02
5.013500000000000000e+03	1.792690086364746094e+01	6.530206650495529175e-02
5.410500000000000000e+03	1.800510025024414062e+01	6.708567589521408081e-02
4.330500000000000000e+03	1.784679985046386719e+01	6.408744305372238159e-02
5.299500000000000000e+03	1.802289962768554688e+01	6.728772073984146118e-02
4.381500000000000000e+03	1.789929962158203125e+01	6.533181667327880859e-02
5.265500000000000000e+03	1.805060005187988281e+01	6.733851879835128784e-02
5.719500000000000000e+03	1.799150085449218750e+01	6.504525244235992432e-02
4.897500000000000000e+03	1.795289993286132812e+01	6.613706797361373901e-02
4.621500000000000000e+03	1.791519927978515625e+01	7.298626005649566650e-02
4.330500000000000000e+03	1.788249969482421875e+01	6.434186547994613647e-02
5.719500000000000000e+03	1.803470039367675781e+01	6.546614319086074829e-02
5.399500000000000000e+03	1.802829933166503906e+01	6.767381727695465088e-02
4.672500000000000000e+03	1.797240066528320312e+01	6.816467642784118652e-02
5.028500000000000000e+03	1.775569915771484375e+01	6.539854407310485840e-02
4.910500000000000000e+03	1.794510078430175781e+01	6.696265190839767456e-02
5.056500000000000000e+03	1.771330070495605469e+01	6.663333624601364136e-02
5.383500000000000000e+03	1.813360023498535156e+01	6.836120039224624634e-02
5.708500000000000000e+03	1.804330062866210938e+01	6.529586762189865112e-02
4.968500000000000000e+03	1.685549926757812500e+01	7.387854903936386108e-02
5.399500000000000000e+03	1.799830055236816406e+01	6.733940541744232178e-02
5.042500000000000000e+03	1.788649940490722656e+01	6.535597890615463257e-02
4.941500000000000000e+03	1.762759971618652344e+01	6.868021190166473389e-02
5.410500000000000000e+03	1.800830078125000000e+01	6.711363047361373901e-02
4.602500000000000000e+03	1.785350036621093750e+01	6.680601090192794800e-02
4.330500000000000000e+03	1.786310005187988281e+01	6.427539139986038208e-02
4.659500000000000000e+03	1.798089981079101562e+01	6.874211132526397705e-02
4.612500000000000000e+03	1.792869949340820312e+01	6.750359386205673218e-02
5.349500000000000000e+03	1.797999954223632812e+01	6.691636145114898682e-02
5.763500000000000000e+03	1.805730056762695312e+01	6.601973623037338257e-02
5.265500000000000000e+03	1.808399963378906250e+01	6.865989416837692261e-02
4.629500000000000000e+03	1.788199996948242188e+01	6.741930544376373291e-02
4.305500000000000000e+03	1.781559944152832031e+01	6.362138688564300537e-02
5.822500000000000000e+03	1.797550010681152344e+01	6.458049267530441284e-02
4.683500000000000000e+03	1.798920059204101562e+01	6.842854619026184082e-02
4.381500000000000000e+03	1.786429977416992188e+01	6.499996781349182129e-02
4.659500000000000000e+03	1.794330024719238281e+01	6.830989569425582886e-02
4.330500000000000000e+03	1.782859992980957031e+01	6.395924091339111328e-02
5.423500000000000000e+03	1.797439956665039062e+01	6.686368584632873535e-02
5.383500000000000000e+03	1.803919982910156250e+01	6.722038239240646362e-02
5.042500000000000000e+03	1.788319969177246094e+01	6.529200077056884766e-02
5.410500000000000000e+03	1.800099945068359375e+01	6.700779497623443604e-02
4.612500000000000000e+03	1.792370033264160156e+01	6.744519621133804321e-02
4.996500000000000000e+03	1.785190010070800781e+01	6.523516774177551270e-02
4.649500000000000000e+03	1.798040008544921875e+01	6.912227720022201538e-02
5.042500000000000000e+03	1.789419937133789062e+01	6.540220230817794800e-02
4.621500000000000000e+03	1.790810012817382812e+01	6.984096020460128784e-02
5.735500000000000000e+03	1.819129943847656250e+01	8.062183856964111328e-02
4.606500000000000000e+03	1.791510009765625000e+01	6.738384813070297241e-02
5.367500000000000000e+03	1.800709915161132812e+01	6.775975227355957031e-02
4.659500000000000000e+03	1.793390083312988281e+01	6.854494661092758179e-02
5.708500000000000000e+03	1.801840019226074219e+01	6.508516520261764526e-02
5.735500000000000000e+03	1.807780075073242188e+01	8.136671036481857300e-02
5.735500000000000000e+03	1.807200050354003906e+01	7.379374653100967407e-02
4.629500000000000000e+03	1.787470054626464844e+01	6.733008474111557007e-02
5.325500000000000000e+03	1.796710014343261719e+01	6.837844103574752808e-02
5.299500000000000000e+03	1.801810073852539062e+01	6.723718345165252686e-02
5.708500000000000000e+03	1.798940086364746094e+01	6.509686261415481567e-02
4.621500000000000000e+03	1.801070022583007812e+01	8.099570125341415405e-02
5.822500000000000000e+03	1.798119926452636719e+01	6.458964198827743530e-02
5.056500000000000000e+03	1.776280021667480469e+01	6.691317260265350342e-02
4.910500000000000000e+03	1.767029953002929688e+01	6.999771296977996826e-02
4.629500000000000000e+03	1.789259910583496094e+01	6.755184382200241089e-02
5.325500000000000000e+03	1.791360092163085938e+01	6.959857791662216187e-02
4.910500000000000000e+03	1.766029930114746094e+01	6.918784976005554199e-02
4.649500000000000000e+03	1.795009994506835938e+01	6.929348409175872803e-02
5.410500000000000000e+03	1.799679946899414062e+01	6.698963791131973267e-02
4.968500000000000000e+03	1.687929916381835938e+01	8.007280528545379639e-02
5.738500000000000000e+03	1.802750015258789062e+01	6.535846740007400513e-02
5.265500000000000000e+03	1.808740043640136719e+01	6.776134669780731201e-02
5.299500000000000000e+03	1.800399971008300781e+01	6.704971194267272949e-02
5.013500000000000000e+03	1.788170051574707031e+01	6.521748751401901245e-02
5.399500000000000000e+03	1.814200019836425781e+01	6.917574256658554077e-02
5.349500000000000000e+03	1.799830055236816406e+01	6.703980267047882080e-02
4.629500000000000000e+03	1.792090034484863281e+01	6.780917197465896606e-02
5.056500000000000000e+03	1.775510025024414062e+01	6.695877015590667725e-02
4.996500000000000000e+03	1.780019950866699219e+01	6.590965390205383301e-02
5.325500000000000000e+03	1.795420074462890625e+01	7.408884167671203613e-02
5.735500000000000000e+03	1.807889938354492188e+01	6.882560998201370239e-02
5.763500000000000000e+03	1.805089950561523438e+01	6.602381169795989990e-02
4.941500000000000000e+03	1.747489929199218750e+01	7.188557088375091553e-02
4.672500000000000000e+03	1.794470024108886719e+01	6.784760951995849609e-02
4.649500000000000000e+03	1.798839950561523438e+01	6.877521425485610962e-02
4.606500000000000000e+03	1.801860046386718750e+01	7.455804198980331421e-02
4.659500000000000000e+03	1.796470069885253906e+01	6.858464330434799194e-02
5.349500000000000000e+03	1.799029922485351562e+01	6.699896603822708130e-02
5.265500000000000000e+03	1.807349967956542969e+01	6.759893149137496948e-02
4.672500000000000000e+03	1.797019958496093750e+01	6.813222914934158325e-02
5.763500000000000000e+03	1.804500007629394531e+01	6.595654785633087158e-02
5.013500000000000000e+03	1.784779930114746094e+01	6.491108238697052002e-02
4.996500000000000000e+03	1.781749916076660156e+01	6.585200130939483643e-02
4.381500000000000000e+03	1.793300056457519531e+01	6.567525863647460938e-02
5.349500000000000000e+03	1.796820068359375000e+01	6.680940091609954834e-02
4.381500000000000000e+03	1.784519958496093750e+01	6.480497866868972778e-02
4.621500000000000000e+03	1.797120094299316406e+01	6.947546452283859253e-02
5.013500000000000000e+03	1.789839935302734375e+01	6.508626788854598999e-02
4.941500000000000000e+03	1.724880027770996094e+01	7.360316067934036255e-02
4.996500000000000000e+03	1.782509994506835938e+01	6.528920680284500122e-02
5.383500000000000000e+03	1.805039978027343750e+01	6.735193729400634766e-02
5.028500000000000000e+03	1.778910064697265625e+01	6.547886878252029419e-02
5.423500000000000000e+03	1.801440048217773438e+01	6.741742044687271118e-02
4.602500000000000000e+03	1.795770072937011719e+01	6.782912462949752808e-02
5.708500000000000000e+03	1.803610038757324219e+01	6.546669453382492065e-02
5.383500000000000000e+03	1.801930046081542969e+01	6.698853522539138794e-02
