4.917500000000000000e+03	1.899939918518066406e+01	8.837338536977767944e-02
5.644500000000000000e+03	1.922360038757324219e+01	1.100449934601783752e-01
5.683500000000000000e+03	1.946980094909667969e+01	8.998933434486389160e-02
5.351500000000000000e+03	1.935659980773925781e+01	9.255344420671463013e-02
4.944500000000000000e+03	1.922979927062988281e+01	8.504717797040939331e-02
5.644500000000000000e+03	1.983160018920898438e+01	1.587991416454315186e-01
4.823500000000000000e+03	1.826370048522949219e+01	1.144316568970680237e-01
5.291500000000000000e+03	1.944980049133300781e+01	9.423606842756271362e-02
4.296500000000000000e+03	1.921439933776855469e+01	8.726081997156143188e-02
5.632500000000000000e+03	1.938489913940429688e+01	8.671693503856658936e-02
3.706486083984375000e+03	2.070380020141601562e+01	2.328606694936752319e-01
4.478500000000000000e+03	1.920159912109375000e+01	8.926491439342498779e-02
4.925500000000000000e+03	1.919989967346191406e+01	8.559655398130416870e-02
4.951500000000000000e+03	1.848550033569335938e+01	1.112343892455101013e-01
4.529500000000000000e+03	1.932970046997070312e+01	9.168776869773864746e-02
5.362500000000000000e+03	1.948690032958984375e+01	9.722059965133666992e-02
5.351500000000000000e+03	1.956749916076660156e+01	9.868777543306350708e-02
4.917500000000000000e+03	1.898270034790039062e+01	8.574876189231872559e-02
5.739500000000000000e+03	1.933130073547363281e+01	8.853232115507125854e-02
5.656500000000000000e+03	1.981069946289062500e+01	1.127889379858970642e-01
4.508500000000000000e+03	1.922089958190917969e+01	8.840642124414443970e-02
5.711500000000000000e+03	1.942029953002929688e+01	8.941154181957244873e-02
4.535500000000000000e+03	1.936840057373046875e+01	9.310422092676162720e-02
5.623500000000000000e+03	1.947150039672851562e+01	8.880461007356643677e-02
5.683500000000000000e+03	1.959180068969726562e+01	9.330777823925018311e-02
4.944500000000000000e+03	1.921260070800781250e+01	8.478555828332901001e-02
5.362500000000000000e+03	1.938159942626953125e+01	9.388617426156997681e-02
4.892500000000000000e+03	1.920249938964843750e+01	8.425284177064895630e-02
5.327500000000000000e+03	1.930349922180175781e+01	9.065143018960952759e-02
4.615500000000000000e+03	1.909760093688964844e+01	8.742832392454147339e-02
5.632500000000000000e+03	1.953170013427734375e+01	9.038477391004562378e-02
4.615500000000000000e+03	1.901759910583496094e+01	8.576271682977676392e-02
4.530500000000000000e+03	1.935750007629394531e+01	9.251930564641952515e-02
4.529500000000000000e+03	1.929920005798339844e+01	9.102332592010498047e-02
4.852500000000000000e+03	1.914419937133789062e+01	8.281957358121871948e-02
4.970500000000000000e+03	1.911879920959472656e+01	8.423111587762832642e-02
4.530500000000000000e+03	1.932970046997070312e+01	9.168776869773864746e-02
5.291500000000000000e+03	1.933670043945312500e+01	9.136732667684555054e-02
5.223500000000000000e+03	1.937420082092285156e+01	9.145184606313705444e-02
5.260500000000000000e+03	1.947060012817382812e+01	9.545229375362396240e-02
4.823500000000000000e+03	1.932690048217773438e+01	8.685592561960220337e-02
5.623500000000000000e+03	1.938870048522949219e+01	8.673642575740814209e-02
5.711500000000000000e+03	1.945809936523437500e+01	9.059477597475051880e-02
4.529500000000000000e+03	1.917989921569824219e+01	8.778079599142074585e-02
4.559500000000000000e+03	1.935269927978515625e+01	9.186314046382904053e-02
5.223500000000000000e+03	1.934090042114257812e+01	9.090971946716308594e-02
4.998500000000000000e+03	1.887520027160644531e+01	8.309949189424514771e-02
5.327500000000000000e+03	1.942919921875000000e+01	9.399839490652084351e-02
4.970500000000000000e+03	1.906030082702636719e+01	8.284909278154373169e-02
4.296500000000000000e+03	1.910790061950683594e+01	8.484973758459091187e-02
5.351500000000000000e+03	1.934670066833496094e+01	9.231007099151611328e-02
5.223500000000000000e+03	1.932509994506835938e+01	9.008370339870452881e-02
4.951500000000000000e+03	1.823850059509277344e+01	1.143437549471855164e-01
5.300500000000000000e+03	1.940089988708496094e+01	1.062713935971260071e-01
4.852500000000000000e+03	1.917440032958984375e+01	8.359331637620925903e-02
4.478500000000000000e+03	1.936190032958984375e+01	9.229358285665512085e-02
4.864500000000000000e+03	1.919969940185546875e+01	8.322356641292572021e-02
4.917500000000000000e+03	1.899740028381347656e+01	8.705889433622360229e-02
5.223500000000000000e+03	1.946999931335449219e+01	9.403622150421142578e-02
4.892500000000000000e+03	1.921100044250488281e+01	8.467414230108261108e-02
5.623500000000000000e+03	1.944490051269531250e+01	8.813282847404479980e-02
4.925500000000000000e+03	1.914739990234375000e+01	8.410058170557022095e-02
5.030500000000000000e+03	1.889979934692382812e+01	9.086937457323074341e-02
4.823500000000000000e+03	1.921459960937500000e+01	8.515498042106628418e-02
4.543500000000000000e+03	1.925480079650878906e+01	9.070631116628646851e-02
4.543500000000000000e+03	1.890749931335449219e+01	8.290593326091766357e-02
5.656500000000000000e+03	1.971549987792968750e+01	1.040824577212333679e-01
4.882500000000000000e+03	1.926499938964843750e+01	8.487149327993392944e-02
2.202529602050781250e+02	1.936940002441406250e+01	2.615557312965393066e-01
2.202610778808593750e+02	1.916920089721679688e+01	2.358906418085098267e-01
2.202773437500000000e+02	1.964879989624023438e+01	3.033497035503387451e-01
4.564738464355468750e+02	1.983830070495605469e+01	2.612812221050262451e-01
4.844359741210937500e+02	2.046030044555664062e+01	3.552693128585815430e-01
4.844477233886718750e+02	2.005130004882812500e+01	2.844707071781158447e-01
2.781707458496093750e+02	1.973279953002929688e+01	2.506918311119079590e-01
2.781838684082031250e+02	2.021750068664550781e+01	3.277779817581176758e-01
2.512389373779296875e+02	2.052449989318847656e+01	3.770697116851806641e-01
2.512454376220703125e+02	1.944580078125000000e+01	2.151671200990676880e-01
4.234757995605468750e+02	2.031019973754882812e+01	3.467899858951568604e-01
4.234812622070312500e+02	1.979260063171386719e+01	2.621073126792907715e-01
5.782243652343750000e+02	2.039509963989257812e+01	3.541048169136047363e-01
5.782411499023437500e+02	2.003899955749511719e+01	2.916491925716400146e-01
5.951937255859375000e+02	2.092919921875000000e+01	4.888228476047515869e-01
8.453861694335937500e+02	2.066620063781738281e+01	3.972480297088623047e-01
8.453948974609375000e+02	2.063829994201660156e+01	3.830266296863555908e-01
5.373517456054687500e+02	1.993930053710937500e+01	2.707449197769165039e-01
5.373580932617187500e+02	2.111779975891113281e+01	5.187301039695739746e-01
5.373709716796875000e+02	2.008659934997558594e+01	2.917440831661224365e-01
4.904190673828125000e+02	1.980710029602050781e+01	2.480427473783493042e-01
5.702321777343750000e+02	1.937680053710937500e+01	2.204017192125320435e-01
6.291816406250000000e+02	2.080949974060058594e+01	4.563358128070831299e-01
8.064877929687500000e+02	1.979520034790039062e+01	2.341515123844146729e-01
8.064966430664062500e+02	2.020050048828125000e+01	2.930340766906738281e-01
7.865166625976562500e+02	2.092740058898925781e+01	4.408619999885559082e-01
9.492174682617187500e+02	1.990029907226562500e+01	2.691964209079742432e-01
9.562079467773437500e+02	2.001510047912597656e+01	2.726696431636810303e-01
9.562155151367187500e+02	2.002639961242675781e+01	2.744370698928833008e-01
9.562231445312500000e+02	2.008090019226074219e+01	2.832006216049194336e-01
9.562307128906250000e+02	1.992000007629394531e+01	2.600904107093811035e-01
9.642429199218750000e+02	1.946839904785156250e+01	2.142854630947113037e-01
1.191421875000000000e+03	1.959670066833496094e+01	2.161368429660797119e-01
1.191428466796875000e+03	2.045120048522949219e+01	3.370466828346252441e-01
1.191441406250000000e+03	2.046870040893554688e+01	3.398875892162322998e-01
1.200476318359375000e+03	2.003070068359375000e+01	2.658875882625579834e-01
1.200483520507812500e+03	2.034499931335449219e+01	3.137929141521453857e-01
1.200490844726562500e+03	2.004500007629394531e+01	2.670135796070098877e-01
8.673660888671875000e+02	2.052479934692382812e+01	3.471808433532714844e-01
8.782680053710937500e+02	1.942410087585449219e+01	2.233322113752365112e-01
9.262319335937500000e+02	1.947400093078613281e+01	2.053342908620834351e-01
9.262379760742187500e+02	1.997739982604980469e+01	2.651328444480895996e-01
9.262499389648437500e+02	2.002820014953613281e+01	2.718563377857208252e-01
9.821894531250000000e+02	1.902899932861328125e+01	1.722684204578399658e-01
9.822022705078125000e+02	1.925300025939941406e+01	1.919001191854476929e-01
9.822087402343750000e+02	2.053860092163085938e+01	3.760855197906494141e-01
1.162483886718750000e+03	1.971430015563964844e+01	1.926637589931488037e-01
1.141509643554687500e+03	1.976689910888671875e+01	2.432101666927337646e-01
1.315207031250000000e+03	1.949880027770996094e+01	2.088802903890609741e-01
1.315223022460937500e+03	2.035499954223632812e+01	3.254747390747070312e-01
1.332241088867187500e+03	2.108810043334960938e+01	5.129058957099914551e-01
1.572545166015625000e+03	2.001639938354492188e+01	2.891206443309783936e-01
1.581442626953125000e+03	1.994869995117187500e+01	2.517266869544982910e-01
1.581448852539062500e+03	1.922319984436035156e+01	1.752482354640960693e-01
1.581455078125000000e+03	1.986700057983398438e+01	2.399664819240570068e-01
1.581461303710937500e+03	2.046439933776855469e+01	3.347654938697814941e-01
1.253280639648437500e+03	2.041769981384277344e+01	3.321129381656646729e-01
1.253301635742187500e+03	2.129829978942871094e+01	5.444708466529846191e-01
1.274281250000000000e+03	2.123240089416503906e+01	5.240049958229064941e-01
1.246429687500000000e+03	2.001510047912597656e+01	2.653837203979492188e-01
1.279236450195312500e+03	2.120420074462890625e+01	5.206316709518432617e-01
1.286323364257812500e+03	2.009760093688964844e+01	2.818612754344940186e-01
1.343206787109375000e+03	2.008300018310546875e+01	2.919341623783111572e-01
1.551444091796875000e+03	1.937380027770996094e+01	1.890286952257156372e-01
1.551456909179687500e+03	2.003730010986328125e+01	2.691589593887329102e-01
1.551469726562500000e+03	2.002969932556152344e+01	2.650970518589019775e-01
1.518524291992187500e+03	1.963710021972656250e+01	2.734902203083038330e-01
1.674162963867187500e+03	1.923730087280273438e+01	1.809670925140380859e-01
1.674181030273437500e+03	1.922139930725097656e+01	1.809024512767791748e-01
1.690202880859375000e+03	1.958379936218261719e+01	2.164054661989212036e-01
1.690209472656250000e+03	2.007710075378417969e+01	2.774596214294433594e-01
1.690216064453125000e+03	1.977680015563964844e+01	2.369024157524108887e-01
1.700154296875000000e+03	1.970260047912597656e+01	2.339062690734863281e-01
1.700161865234375000e+03	1.971999931335449219e+01	2.368006408214569092e-01
1.700168701171875000e+03	2.004899978637695312e+01	2.747946381568908691e-01
1.700175415039062500e+03	1.970619964599609375e+01	2.325954884290695190e-01
1.618248779296875000e+03	1.980290031433105469e+01	2.718949019908905029e-01
1.618258422851562500e+03	1.925600051879882812e+01	2.061533033847808838e-01
1.640298950195312500e+03	1.935090065002441406e+01	1.538666635751724243e-01
1.640309082031250000e+03	2.004129981994628906e+01	2.103929966688156128e-01
1.640319335937500000e+03	2.012039947509765625e+01	2.209535688161849976e-01
1.640329345703125000e+03	1.908909988403320312e+01	1.396494656801223755e-01
1.749178588867187500e+03	1.933440017700195312e+01	2.056606411933898926e-01
1.658211791992187500e+03	1.977199935913085938e+01	2.325954884290695190e-01
1.658217163085937500e+03	1.981819915771484375e+01	2.407917529344558716e-01
1.658222534179687500e+03	1.945499992370605469e+01	2.012827843427658081e-01
1.658228027343750000e+03	1.955509948730468750e+01	2.092941403388977051e-01
1.665257690429687500e+03	1.930299949645996094e+01	1.864244043827056885e-01
1.727212402343750000e+03	1.944459915161132812e+01	2.114209830760955811e-01
1.727220214843750000e+03	1.939520072937011719e+01	2.048963159322738647e-01
1.727228149414062500e+03	1.885810089111328125e+01	1.611683368682861328e-01
1.911448120117187500e+03	1.968400001525878906e+01	2.280214875936508179e-01
1.911456176757812500e+03	1.927479934692382812e+01	1.884218156337738037e-01
1.911464233398437500e+03	1.937560081481933594e+01	1.998040229082107544e-01
1.911472290039062500e+03	1.974670028686523438e+01	2.361423373222351074e-01
2.041177734375000000e+03	1.933569908142089844e+01	1.929027736186981201e-01
2.041184570312500000e+03	2.042480087280273438e+01	3.394460976123809814e-01
2.041191406250000000e+03	2.066290092468261719e+01	3.906640112400054932e-01
2.041198242187500000e+03	1.948979949951171875e+01	2.103051096200942993e-01
2.292474365234375000e+03	1.962579917907714844e+01	1.977798193693161011e-01
2.292489501953125000e+03	1.971730041503906250e+01	2.053994238376617432e-01
2.292497070312500000e+03	1.907649993896484375e+01	1.535596549510955811e-01
1.993262329101562500e+03	2.071599960327148438e+01	4.055942296981811523e-01
1.993271484375000000e+03	1.922170066833496094e+01	1.842886954545974731e-01
1.993280883789062500e+03	1.912599945068359375e+01	1.762250810861587524e-01
1.993290039062500000e+03	1.913069915771484375e+01	1.771201342344284058e-01
1.955404418945312500e+03	2.011770057678222656e+01	2.798657119274139404e-01
1.955409423828125000e+03	1.964290046691894531e+01	2.228248119354248047e-01
1.955414672851562500e+03	1.917519950866699219e+01	1.751032769680023193e-01
1.955420043945312500e+03	1.920929908752441406e+01	1.769798845052719116e-01
2.101178710937500000e+03	2.082600021362304688e+01	4.394980370998382568e-01
2.113165283203125000e+03	1.996920013427734375e+01	2.784064114093780518e-01
2.113174560546875000e+03	1.948209953308105469e+01	2.152615785598754883e-01
2.019239624023437500e+03	1.909129905700683594e+01	1.711129546165466309e-01
2.019258422851562500e+03	1.940880012512207031e+01	2.020200490951538086e-01
2.281471679687500000e+03	2.011790084838867188e+01	2.882919609546661377e-01
2.281489013671875000e+03	1.970829963684082031e+01	2.340288013219833374e-01
2.431211669921875000e+03	1.981690025329589844e+01	2.544978260993957520e-01
2.431219482421875000e+03	1.951110076904296875e+01	2.178232967853546143e-01
2.431227539062500000e+03	1.926539993286132812e+01	1.931561082601547241e-01
2.431235595703125000e+03	1.962050056457519531e+01	2.301102578639984131e-01
2.348422607421875000e+03	1.977980041503906250e+01	1.873598992824554443e-01
2.348433105468750000e+03	1.965719985961914062e+01	1.760872155427932739e-01
2.348443603515625000e+03	1.942760086059570312e+01	1.619958877563476562e-01
2.348453857421875000e+03	1.982719993591308594e+01	1.972053647041320801e-01
2.366363037109375000e+03	1.943650054931640625e+01	2.099198251962661743e-01
2.366370849609375000e+03	1.900049972534179688e+01	1.705803275108337402e-01
2.366379150390625000e+03	1.952510070800781250e+01	2.193508893251419067e-01
2.314398193359375000e+03	2.011039924621582031e+01	2.901430130004882812e-01
2.314405761718750000e+03	1.923530006408691406e+01	1.860805004835128784e-01
2.314413330078125000e+03	1.897520065307617188e+01	1.652939766645431519e-01
2.322411865234375000e+03	2.001889991760253906e+01	2.747946381568908691e-01
2.322417480468750000e+03	1.952799987792968750e+01	2.143414020538330078e-01
2.322428710937500000e+03	1.961960029602050781e+01	2.257266789674758911e-01
2.338426513671875000e+03	2.018650054931640625e+01	3.031371831893920898e-01
2.338433349609375000e+03	1.955200004577636719e+01	2.157739698886871338e-01
2.338440429687500000e+03	1.930529975891113281e+01	1.932898908853530884e-01
2.338447509765625000e+03	1.979100036621093750e+01	2.449957132339477539e-01
2.373229492187500000e+03	1.942779922485351562e+01	1.799103915691375732e-01
2.373236572265625000e+03	1.947369956970214844e+01	1.838212013244628906e-01
2.373243408203125000e+03	1.986520004272460938e+01	2.224047034978866577e-01
2.373250244140625000e+03	1.952339935302734375e+01	1.882127672433853149e-01
2.385180175781250000e+03	1.966530036926269531e+01	2.354146689176559448e-01
2.385193847656250000e+03	1.981329917907714844e+01	2.540243268013000488e-01
2.396174072265625000e+03	2.009779930114746094e+01	2.951724827289581299e-01
2.396179687500000000e+03	1.972190093994140625e+01	2.423321157693862915e-01
2.396185546875000000e+03	1.929750061035156250e+01	1.961567103862762451e-01
2.396191406250000000e+03	2.004789924621582031e+01	2.873792946338653564e-01
8.614619750976562500e+02	1.969790077209472656e+01	2.281800806522369385e-01
2.469201660156250000e+03	1.966329956054687500e+01	2.351653426885604858e-01
2.469210937500000000e+03	1.961059951782226562e+01	2.289782166481018066e-01
2.469220458984375000e+03	2.022310066223144531e+01	3.158054947853088379e-01
2.615503417968750000e+03	1.923539924621582031e+01	1.887926161289215088e-01
2.615510253906250000e+03	1.978310012817382812e+01	2.467640340328216553e-01
2.615517089843750000e+03	1.918350028991699219e+01	1.825417429208755493e-01
2.631480712890625000e+03	1.942480087280273438e+01	2.078062146902084351e-01
2.631485839843750000e+03	1.841530036926269531e+01	1.318370997905731201e-01
2.639481201171875000e+03	1.979850006103515625e+01	2.461035251617431641e-01
2.639487060546875000e+03	1.947929954528808594e+01	2.098151296377182007e-01
2.639492675781250000e+03	1.998010063171386719e+01	2.704027295112609863e-01
2.639498535156250000e+03	1.986370086669921875e+01	2.538985311985015869e-01
2.674477294921875000e+03	1.968849945068359375e+01	2.312597930431365967e-01
2.674492919921875000e+03	1.905750083923339844e+01	1.704921126365661621e-01
2.674500732421875000e+03	2.010169982910156250e+01	2.862952053546905518e-01
2.695358886718750000e+03	1.931500053405761719e+01	1.671686470508575439e-01
2.695368408203125000e+03	1.924449920654296875e+01	1.616132408380508423e-01
2.695377929687500000e+03	1.927799987792968750e+01	1.647345870733261108e-01
2.695387451171875000e+03	1.952829933166503906e+01	1.834590584039688110e-01
2.726252685546875000e+03	1.971400070190429688e+01	2.435142248868942261e-01
2.726259521484375000e+03	1.920529937744140625e+01	1.884588003158569336e-01
2.726266357421875000e+03	1.977499961853027344e+01	2.502092719078063965e-01
2.726273193359375000e+03	1.919309997558593750e+01	1.868662387132644653e-01
2.730373779296875000e+03	1.904859924316406250e+01	1.502870470285415649e-01
2.730382568359375000e+03	1.900950050354003906e+01	1.479210406541824341e-01
2.730391601562500000e+03	1.919519996643066406e+01	1.610378623008728027e-01
2.730400390625000000e+03	1.969429969787597656e+01	2.037269622087478638e-01
2.737300292968750000e+03	1.953790092468261719e+01	2.317816913127899170e-01
2.737305908203125000e+03	1.938430023193359375e+01	2.142854630947113037e-01
2.737311523437500000e+03	2.026390075683593750e+01	3.392992615699768066e-01
2.737317138671875000e+03	1.874329948425292969e+01	1.580745577812194824e-01
2.750201416015625000e+03	1.939929962158203125e+01	2.039336413145065308e-01
2.750206542968750000e+03	1.890469932556152344e+01	1.618704497814178467e-01
2.750211669921875000e+03	1.895079994201660156e+01	1.653732955455780029e-01
2.750216796875000000e+03	1.953030014038085938e+01	2.173734456300735474e-01
2.761333007812500000e+03	1.905319976806640625e+01	1.742324680089950562e-01
2.761340820312500000e+03	1.875629997253417969e+01	1.518211662769317627e-01
2.761348632812500000e+03	1.928879928588867188e+01	1.946307718753814697e-01
2.761356689453125000e+03	1.914130020141601562e+01	1.813999563455581665e-01
2.767261718750000000e+03	1.909620094299316406e+01	1.786464601755142212e-01
2.767268554687500000e+03	1.910429954528808594e+01	1.782351285219192505e-01
2.767275390625000000e+03	1.923279953002929688e+01	1.895037889480590820e-01
2.767282470703125000e+03	1.943110084533691406e+01	2.084007412195205688e-01
2.784147216796875000e+03	1.923579978942871094e+01	1.905680298805236816e-01
2.784152343750000000e+03	1.961669921875000000e+01	2.300404608249664307e-01
2.784157470703125000e+03	1.958839988708496094e+01	2.265427559614181519e-01
2.784162597656250000e+03	1.918400001525878906e+01	1.853872388601303101e-01
2.793188964843750000e+03	1.897349929809570312e+01	1.719770580530166626e-01
2.793194580078125000e+03	1.932379913330078125e+01	2.053994238376617432e-01
2.793200195312500000e+03	1.947120094299316406e+01	2.198945581912994385e-01
2.793205810546875000e+03	1.891729927062988281e+01	1.686492413282394409e-01
2.815204833984375000e+03	1.926679992675781250e+01	1.653971076011657715e-01
2.815210937500000000e+03	1.899279975891113281e+01	1.468603909015655518e-01
2.815217041015625000e+03	1.914749908447265625e+01	1.574215888977050781e-01
2.815223144531250000e+03	1.941810035705566406e+01	1.791338771581649780e-01
2.822176025390625000e+03	1.951530075073242188e+01	1.871185600757598877e-01
2.822181640625000000e+03	1.950930023193359375e+01	1.864482015371322632e-01
2.822187011718750000e+03	1.890780067443847656e+01	1.422260254621505737e-01
2.822192626953125000e+03	1.937010002136230469e+01	1.767901629209518433e-01
2.844166259765625000e+03	1.982309913635253906e+01	2.587824463844299316e-01
2.844171142578125000e+03	1.919510078430175781e+01	1.907088458538055420e-01
2.844176513671875000e+03	1.877470016479492188e+01	1.571418046951293945e-01
2.844181640625000000e+03	1.917350006103515625e+01	1.896168887615203857e-01
2.997487792968750000e+03	1.963949966430664062e+01	2.411404401063919067e-01
2.997493408203125000e+03	1.926180076599121094e+01	2.070998400449752808e-01
2.997499267578125000e+03	1.995240020751953125e+01	3.057162165641784668e-01
3.004499511718750000e+03	2.004210090637207031e+01	2.874701917171478271e-01
3.004503662109375000e+03	2.096179962158203125e+01	4.773092567920684814e-01
3.004507812500000000e+03	1.921339988708496094e+01	1.875052005052566528e-01
3.004511962890625000e+03	1.899640083312988281e+01	1.697397828102111816e-01
3.021459716796875000e+03	1.963039970397949219e+01	2.308589667081832886e-01
3.021466552734375000e+03	1.952729988098144531e+01	2.203610092401504517e-01
3.021473388671875000e+03	1.951969909667968750e+01	2.354396432638168335e-01
3.021480224609375000e+03	1.914139938354492188e+01	1.810965836048126221e-01
3.049319580078125000e+03	1.965909957885742188e+01	2.347433269023895264e-01
3.049326660156250000e+03	2.014509963989257812e+01	3.023967742919921875e-01
3.049334228515625000e+03	1.918540000915527344e+01	1.848873198032379150e-01
3.049341552734375000e+03	1.923590087890625000e+01	1.889416128396987915e-01
3.060454101562500000e+03	1.919619941711425781e+01	1.833238601684570312e-01
3.060459228515625000e+03	1.910880088806152344e+01	1.762053668498992920e-01
3.060469482421875000e+03	1.943009948730468750e+01	2.046864926815032959e-01
3.081387207031250000e+03	1.921920013427734375e+01	1.861396431922912598e-01
3.081392333984375000e+03	1.928140068054199219e+01	1.917172670364379883e-01
3.081397705078125000e+03	1.957780075073242188e+01	2.228037416934967041e-01
3.081402832031250000e+03	1.933530044555664062e+01	1.980835944414138794e-01
3.103400634765625000e+03	1.902280044555664062e+01	1.742229759693145752e-01
3.103405761718750000e+03	1.887280082702636719e+01	1.627107262611389160e-01
3.103410888671875000e+03	1.927280044555664062e+01	1.963255256414413452e-01
3.103416015625000000e+03	2.050370025634765625e+01	3.723147809505462646e-01
3.121207031250000000e+03	1.934370040893554688e+01	2.029853016138076782e-01
3.121211669921875000e+03	2.022509956359863281e+01	3.364005982875823975e-01
3.121216064453125000e+03	1.916049957275390625e+01	1.983305960893630981e-01
2.707368408203125000e+03	1.891279983520507812e+01	1.475008428096771240e-01
2.707376464843750000e+03	1.920940017700195312e+01	1.625309884548187256e-01
2.707384765625000000e+03	1.933379936218261719e+01	1.713186353445053101e-01
2.707392822265625000e+03	1.950939941406250000e+01	1.929560154676437378e-01
3.135261718750000000e+03	1.948019981384277344e+01	2.148469090461730957e-01
3.135269042968750000e+03	1.916349983215332031e+01	1.840487569570541382e-01
3.135276611328125000e+03	1.948640060424804688e+01	2.148469090461730957e-01
3.135283935546875000e+03	1.920859909057617188e+01	1.882618814706802368e-01
3.144221923828125000e+03	1.950989913940429688e+01	2.165594249963760376e-01
3.144227783203125000e+03	1.979019927978515625e+01	2.485127449035644531e-01
3.144233642578125000e+03	1.964310073852539062e+01	2.315677553415298462e-01
3.144239257812500000e+03	1.908429908752441406e+01	1.756367832422256470e-01
3.166179687500000000e+03	1.881060028076171875e+01	2.558700740337371826e-01
3.166185546875000000e+03	1.947680091857910156e+01	3.670811057090759277e-01
3.166188476562500000e+03	1.970569992065429688e+01	4.184791147708892822e-01
3.197176513671875000e+03	1.888269996643066406e+01	1.692301630973815918e-01
3.197180908203125000e+03	1.956130027770996094e+01	2.343975603580474854e-01
3.197185546875000000e+03	1.969630050659179688e+01	2.517266869544982910e-01
3.197189941406250000e+03	1.929070091247558594e+01	2.054483294486999512e-01
3.204188476562500000e+03	1.947520065307617188e+01	2.252457588911056519e-01
3.204193359375000000e+03	1.967359924316406250e+01	2.524032294750213623e-01
3.204198486328125000e+03	1.958819961547851562e+01	2.417069673538208008e-01
3.204203613281250000e+03	1.978420066833496094e+01	2.700618207454681396e-01
3.212192871093750000e+03	1.963299942016601562e+01	2.514209747314453125e-01
3.212197753906250000e+03	1.945829963684082031e+01	2.280441224575042725e-01
3.342487304687500000e+03	1.898130035400390625e+01	1.738542914390563965e-01
3.342493408203125000e+03	1.882850074768066406e+01	1.611683368682861328e-01
3.342499511718750000e+03	1.973679924011230469e+01	2.489854395389556885e-01
3.342505615234375000e+03	1.933889961242675781e+01	2.032525539398193359e-01
3.357503173828125000e+03	1.967580032348632812e+01	2.389665246009826660e-01
3.357508300781250000e+03	1.990530014038085938e+01	2.681168913841247559e-01
3.357513427734375000e+03	1.954619979858398438e+01	2.258803695440292358e-01
3.357518798828125000e+03	1.934129905700683594e+01	2.034576982259750366e-01
3.390438232421875000e+03	1.960930061340332031e+01	2.292078435420989990e-01
3.390442871093750000e+03	1.941699981689453125e+01	2.086400836706161499e-01
3.390447265625000000e+03	1.949679946899414062e+01	2.152048945426940918e-01
3.390451904296875000e+03	1.900629997253417969e+01	1.708192974328994751e-01
3.402496337890625000e+03	1.962940025329589844e+01	2.277729511260986328e-01
3.402504394531250000e+03	1.961560058593750000e+01	2.259023636579513550e-01
3.402512451171875000e+03	2.005089950561523438e+01	2.825934290885925293e-01
3.402520507812500000e+03	1.951180076599121094e+01	2.149409204721450806e-01
3.417370605468750000e+03	1.982889938354492188e+01	3.211920857429504395e-01
3.417379638671875000e+03	1.941979980468750000e+01	2.402583211660385132e-01
3.431465576171875000e+03	1.995260047912597656e+01	2.792375385761260986e-01
3.431469970703125000e+03	1.897100067138671875e+01	1.689986884593963623e-01
3.431474365234375000e+03	1.924130058288574219e+01	1.903128623962402344e-01
3.431479003906250000e+03	1.955170059204101562e+01	2.216547131538391113e-01
3.437362060546875000e+03	1.919899940490722656e+01	1.717415601015090942e-01
3.437368652343750000e+03	1.946660041809082031e+01	1.952918767929077148e-01
3.437375488281250000e+03	1.981660079956054688e+01	2.325954884290695190e-01
3.437382080078125000e+03	1.905960083007812500e+01	1.611973792314529419e-01
3.445406005859375000e+03	1.974279975891113281e+01	2.633611857891082764e-01
3.445411132812500000e+03	1.912549972534179688e+01	1.974344998598098755e-01
3.445416015625000000e+03	1.885650062561035156e+01	1.788740605115890503e-01
3.472258544921875000e+03	1.988660049438476562e+01	2.670501470565795898e-01
3.472264892578125000e+03	1.944070053100585938e+01	2.105514854192733765e-01
3.472270996093750000e+03	1.988699913024902344e+01	2.679320573806762695e-01
3.472277343750000000e+03	1.978179931640625000e+01	2.487487643957138062e-01
3.495175048828125000e+03	1.929150009155273438e+01	2.007960528135299683e-01
3.495181152343750000e+03	1.908340072631835938e+01	1.818801015615463257e-01
3.495193359375000000e+03	1.973100090026855469e+01	2.491634190082550049e-01
3.502237548828125000e+03	1.979159927368164062e+01	2.544345557689666748e-01
3.502242431640625000e+03	1.948040008544921875e+01	2.174124419689178467e-01
3.502247558593750000e+03	1.928879928588867188e+01	1.984325945377349854e-01
3.502252441406250000e+03	1.966410064697265625e+01	2.393597215414047241e-01
3.523159912109375000e+03	1.924449920654296875e+01	1.962691992521286011e-01
3.523164794921875000e+03	1.998450088500976562e+01	2.864300608634948730e-01
3.523169921875000000e+03	1.949040031433105469e+01	2.219246327877044678e-01
3.529231689453125000e+03	1.931949996948242188e+01	2.271217405796051025e-01
3.529239257812500000e+03	1.973019981384277344e+01	2.780760228633880615e-01
3.706503417968750000e+03	1.977350044250488281e+01	2.488374263048171997e-01
3.706507324218750000e+03	1.922380065917968750e+01	1.893533319234848022e-01
3.706511474609375000e+03	1.900699996948242188e+01	1.710861772298812866e-01
3.706515380859375000e+03	1.929120063781738281e+01	1.955695003271102905e-01
3.732463623046875000e+03	1.991270065307617188e+01	2.675635516643524170e-01
3.732470703125000000e+03	1.962179946899414062e+01	2.302734106779098511e-01
3.732478027343750000e+03	1.975270080566406250e+01	2.461893707513809204e-01
3.732485107421875000e+03	1.980010032653808594e+01	2.522797882556915283e-01
3.739462890625000000e+03	1.918589973449707031e+01	1.859623938798904419e-01
3.739469482421875000e+03	1.922130012512207031e+01	1.891283839941024780e-01
3.739475830078125000e+03	1.832769966125488281e+01	1.278880387544631958e-01
3.739482421875000000e+03	2.016390037536621094e+01	3.058795332908630371e-01
3.743416748046875000e+03	1.999889945983886719e+01	2.799918353557586670e-01
3.743420654296875000e+03	1.925919914245605469e+01	1.925843060016632080e-01
3.743424804687500000e+03	1.871789932250976562e+01	1.503777503967285156e-01
3.743428710937500000e+03	1.956150054931640625e+01	2.233746647834777832e-01
3.766370605468750000e+03	1.981439971923828125e+01	2.541818618774414062e-01
3.766374755859375000e+03	2.018160057067871094e+01	3.088069558143615723e-01
3.766378662109375000e+03	1.931220054626464844e+01	1.975493878126144409e-01
3.766382812500000000e+03	1.973340034484863281e+01	2.437638789415359497e-01
3.788463623046875000e+03	1.907929992675781250e+01	1.768999248743057251e-01
3.788468750000000000e+03	1.914419937133789062e+01	1.823534667491912842e-01
3.788478759765625000e+03	1.997410011291503906e+01	2.763601839542388916e-01
3.813318359375000000e+03	1.972459983825683594e+01	2.426602542400360107e-01
3.813328613281250000e+03	1.889889907836914062e+01	1.628911644220352173e-01
3.813333496093750000e+03	2.016760063171386719e+01	3.064804971218109131e-01
3.824307373046875000e+03	2.098089981079101562e+01	4.832660555839538574e-01
3.841338378906250000e+03	2.001779937744140625e+01	2.828098535537719727e-01
3.841342285156250000e+03	1.958970069885253906e+01	2.265649586915969849e-01
3.841350341796875000e+03	1.926499938964843750e+01	1.931160390377044678e-01
3.847201171875000000e+03	1.971310043334960938e+01	2.737653851509094238e-01
3.847207763671875000e+03	1.946080017089843750e+01	2.233322113752365112e-01
3.853200195312500000e+03	1.945820045471191406e+01	2.041569650173187256e-01
3.853205322265625000e+03	2.032349967956542969e+01	3.213175833225250244e-01
3.853212158203125000e+03	1.957909965515136719e+01	2.171981930732727051e-01
3.853217285156250000e+03	1.959849929809570312e+01	2.191306054592132568e-01
3.859277832031250000e+03	1.953709983825683594e+01	2.118330746889114380e-01
3.859284912109375000e+03	2.052750015258789062e+01	3.576310575008392334e-01
3.859291748046875000e+03	1.952330017089843750e+01	2.107103317975997925e-01
3.859298828125000000e+03	1.927319908142089844e+01	1.865434795618057251e-01
3.879265625000000000e+03	2.049790000915527344e+01	3.588286638259887695e-01
3.879274658203125000e+03	1.992280006408691406e+01	2.632910609245300293e-01
3.885185546875000000e+03	2.005030059814453125e+01	2.882919609546661377e-01
3.885192138671875000e+03	1.997450065612792969e+01	2.760368883609771729e-01
3.885198730468750000e+03	1.967320060729980469e+01	2.362685054540634155e-01
3.885205322265625000e+03	2.038669967651367188e+01	3.436312973499298096e-01
3.903168945312500000e+03	1.948360061645507812e+01	2.049286514520645142e-01
3.903174072265625000e+03	2.026259994506835938e+01	3.061522543430328369e-01
3.903184082031250000e+03	2.028330039978027344e+01	3.108421862125396729e-01
3.915204833984375000e+03	1.937280082702636719e+01	1.978231221437454224e-01
3.915209960937500000e+03	1.982449913024902344e+01	2.495801746845245361e-01
3.915219970703125000e+03	1.962899971008300781e+01	2.264762520790100098e-01
3.923213623046875000e+03	2.006310081481933594e+01	2.892131507396697998e-01
4.088485595703125000e+03	1.986440086364746094e+01	2.512076497077941895e-01
4.115386718750000000e+03	1.984449958801269531e+01	2.544661760330200195e-01
4.115389648437500000e+03	2.020579910278320312e+01	3.165849149227142334e-01
4.128500488281250000e+03	1.984819984436035156e+01	3.453159928321838379e-01
4.128512695312500000e+03	2.073830032348632812e+01	6.087864041328430176e-01
4.128518554687500000e+03	1.959989929199218750e+01	3.246956765651702881e-01
4.139534667968750000e+03	1.948460006713867188e+01	2.079077363014221191e-01
4.139539062500000000e+03	2.012050056457519531e+01	2.882461249828338623e-01
4.151440917968750000e+03	1.969630050659179688e+01	2.295536249876022339e-01
4.151445800781250000e+03	1.994930076599121094e+01	2.622804045677185059e-01
4.151450683593750000e+03	2.007229995727539062e+01	2.789458036422729492e-01
4.151456054687500000e+03	1.987809944152832031e+01	2.530230283737182617e-01
4.157434570312500000e+03	1.981559944152832031e+01	2.457325756549835205e-01
4.157443359375000000e+03	1.955780029296875000e+01	2.137101590633392334e-01
4.157449707031250000e+03	1.970039939880371094e+01	2.302967309951782227e-01
4.157455566406250000e+03	1.965239906311035156e+01	2.241001129150390625e-01
4.169389648437500000e+03	1.961400032043457031e+01	2.207691520452499390e-01
4.169394531250000000e+03	1.946640014648437500e+01	2.065833508968353271e-01
4.169399902343750000e+03	1.975209999084472656e+01	2.361171245574951172e-01
4.169404785156250000e+03	2.003989982604980469e+01	2.745164036750793457e-01
4.185322265625000000e+03	1.985910034179687500e+01	2.513904869556427002e-01
4.185327148437500000e+03	1.979229927062988281e+01	2.423321157693862915e-01
4.185332519531250000e+03	1.948469924926757812e+01	2.078062146902084351e-01
4.201236328125000000e+03	1.965539932250976562e+01	2.266315370798110962e-01
4.201240234375000000e+03	1.978479957580566406e+01	2.432377487421035767e-01
4.201244140625000000e+03	1.988789939880371094e+01	2.557414770126342773e-01
4.201248535156250000e+03	1.971360015869140625e+01	2.336618155241012573e-01
4.209181152343750000e+03	1.929870033264160156e+01	1.941125094890594482e-01
4.209188476562500000e+03	1.947540092468261719e+01	2.111714035272598267e-01
4.209195800781250000e+03	1.966480064392089844e+01	2.319962680339813232e-01
4.209202636718750000e+03	1.969409942626953125e+01	2.350658327341079712e-01
4.231187011718750000e+03	1.969129943847656250e+01	2.306007444858551025e-01
4.231192871093750000e+03	2.065279960632324219e+01	3.856311142444610596e-01
4.231199218750000000e+03	1.955120086669921875e+01	2.144347280263900757e-01
4.231205078125000000e+03	1.944449996948242188e+01	2.036476433277130127e-01
4.242208496093750000e+03	1.938669967651367188e+01	1.989892870187759399e-01
4.242214843750000000e+03	1.975219917297363281e+01	2.387837171554565430e-01
4.242221191406250000e+03	1.983550071716308594e+01	2.488374263048171997e-01
4.242228027343750000e+03	1.979339981079101562e+01	2.432377487421035767e-01
4.256187988281250000e+03	1.898349952697753906e+01	1.666360348463058472e-01
4.256195312500000000e+03	1.931439971923828125e+01	1.951397210359573364e-01
4.256203125000000000e+03	1.948040008544921875e+01	2.109050154685974121e-01
4.256210449218750000e+03	1.942210006713867188e+01	2.061862796545028687e-01
9.242978515625000000e+02	1.897649955749511719e+01	1.095589026808738708e-01
9.243052368164062500e+02	1.905060005187988281e+01	1.125163286924362183e-01
9.243128051757812500e+02	1.957640075683593750e+01	1.078268885612487793e-01
9.243203125000000000e+02	1.910939979553222656e+01	1.149631589651107788e-01
1.277379028320312500e+03	1.987639999389648438e+01	1.239537671208381653e-01
1.277385131835937500e+03	1.937170028686523438e+01	1.270810961723327637e-01
1.277389404296875000e+03	1.937459945678710938e+01	1.272227466106414795e-01
1.277393798828125000e+03	1.946839904785156250e+01	1.320845335721969604e-01
1.519494995117187500e+03	1.969580078125000000e+01	1.410098224878311157e-01
1.519498901367187500e+03	1.978490066528320312e+01	1.442206501960754395e-01
1.519502685546875000e+03	1.963769912719726562e+01	1.382953077554702759e-01
1.519506591796875000e+03	1.949970054626464844e+01	1.284447163343429565e-01
1.613335571289062500e+03	1.959930038452148438e+01	1.185484901070594788e-01
1.613342895507812500e+03	1.959609985351562500e+01	1.183652505278587341e-01
1.613350097656250000e+03	1.963249969482421875e+01	1.200412958860397339e-01
1.613357299804687500e+03	1.963109970092773438e+01	1.175385341048240662e-01
1.643269042968750000e+03	1.951740074157714844e+01	1.143145188689231873e-01
1.643276733398437500e+03	1.957139968872070312e+01	1.158679723739624023e-01
1.643284545898437500e+03	1.964730072021484375e+01	1.189622506499290466e-01
1.643292236328125000e+03	1.950300025939941406e+01	1.142755895853042603e-01
2.753288574218750000e+03	1.889380073547363281e+01	1.064218729734420776e-01
2.753296142578125000e+03	1.932460021972656250e+01	1.066235378384590149e-01
2.753303710937500000e+03	1.928450012207031250e+01	1.056720316410064697e-01
2.753311279296875000e+03	1.937779998779296875e+01	1.082366332411766052e-01
3.035479003906250000e+03	1.949589920043945312e+01	1.236692070960998535e-01
3.035479003906250000e+03	2.017939949035644531e+01	1.648836433887481689e-01
3.035483642578125000e+03	1.949169921875000000e+01	1.267133057117462158e-01
3.035488281250000000e+03	1.949749946594238281e+01	1.176768541336059570e-01
3.035492919921875000e+03	1.961219978332519531e+01	1.233365163207054138e-01
3.113304443359375000e+03	1.879540061950683594e+01	1.029015183448791504e-01
3.113304443359375000e+03	2.109959983825683594e+01	2.861157059669494629e-01
3.113313964843750000e+03	1.912949943542480469e+01	1.158185079693794250e-01
3.113323486328125000e+03	1.913710021972656250e+01	1.161457598209381104e-01
3.113333007812500000e+03	1.913319969177246094e+01	1.159795746207237244e-01
3.558181640625000000e+03	1.919709968566894531e+01	1.187877878546714783e-01
3.558186035156250000e+03	1.912039947509765625e+01	1.154321134090423584e-01
3.558190673828125000e+03	1.920019912719726562e+01	1.189277321100234985e-01
3.558195312500000000e+03	1.920560073852539062e+01	1.191702261567115784e-01
3.706486083984375000e+03	1.859939956665039062e+01	9.651978313922882080e-02
3.706490722656250000e+03	1.916650009155273438e+01	1.174292340874671936e-01
3.706495361328125000e+03	1.925939941406250000e+01	1.216422319412231445e-01
3.706500000000000000e+03	1.921859931945800781e+01	1.197606474161148071e-01
3.742516357421875000e+03	1.919020080566406250e+01	1.184782236814498901e-01
3.742520751953125000e+03	1.932360076904296875e+01	1.247005611658096313e-01
3.742525390625000000e+03	1.923180007934570312e+01	1.203632950782775879e-01
3.742530029296875000e+03	1.932550048828125000e+01	1.247955337166786194e-01
3.817394287109375000e+03	1.941670036315917969e+01	1.293704062700271606e-01
3.817397460937500000e+03	1.955480003356933594e+01	1.368328332901000977e-01
3.817400390625000000e+03	1.936969947814941406e+01	1.269820034503936768e-01
3.817403564453125000e+03	1.951759910583496094e+01	1.347598731517791748e-01
3.861141113281250000e+03	1.976329994201660156e+01	1.316777467727661133e-01
3.861148437500000000e+03	1.949410057067871094e+01	1.220870390534400940e-01
3.861155761718750000e+03	1.984659957885742188e+01	1.421520411968231201e-01
3.861163085937500000e+03	1.957349967956542969e+01	1.267668753862380981e-01
4.195435058593750000e+03	1.949900054931640625e+01	1.134350076317787170e-01
4.195439453125000000e+03	1.908060073852539062e+01	9.807013720273971558e-02
4.195443359375000000e+03	1.953870010375976562e+01	1.148119345307350159e-01
4.195447753906250000e+03	1.957340049743652344e+01	1.165296956896781921e-01
5.739500000000000000e+03	1.947999954223632812e+01	9.221564233303070068e-02
5.644500000000000000e+03	1.944199943542480469e+01	8.904648572206497192e-02
4.615500000000000000e+03	1.918880081176757812e+01	9.028808027505874634e-02
5.656500000000000000e+03	1.977179908752441406e+01	1.125236079096794128e-01
4.529500000000000000e+03	1.935750007629394531e+01	9.251930564641952515e-02
4.535500000000000000e+03	1.926569938659667969e+01	9.012475609779357910e-02
4.543500000000000000e+03	1.921500015258789062e+01	9.149082750082015991e-02
4.925500000000000000e+03	1.920610046386718750e+01	8.562515676021575928e-02
5.030500000000000000e+03	1.891270065307617188e+01	9.485290944576263428e-02
5.300500000000000000e+03	1.930739974975585938e+01	9.637382626533508301e-02
4.559500000000000000e+03	1.925629997253417969e+01	9.003456681966781616e-02
4.296500000000000000e+03	1.922159957885742188e+01	8.739028871059417725e-02
4.944500000000000000e+03	1.919750022888183594e+01	8.483253419399261475e-02
4.970500000000000000e+03	1.911310005187988281e+01	8.404432982206344604e-02
4.530500000000000000e+03	1.929920005798339844e+01	9.102332592010498047e-02
4.852500000000000000e+03	1.918560028076171875e+01	8.379070460796356201e-02
4.535500000000000000e+03	1.926679992675781250e+01	9.022498130798339844e-02
4.917500000000000000e+03	1.908230018615722656e+01	8.768894523382186890e-02
5.711500000000000000e+03	1.936039924621582031e+01	8.797831088304519653e-02
5.300500000000000000e+03	1.944899940490722656e+01	9.968215227127075195e-02
4.834500000000000000e+03	1.934300041198730469e+01	8.623164892196655273e-02
4.559500000000000000e+03	1.919829940795898438e+01	8.873349428176879883e-02
4.892500000000000000e+03	1.918409919738769531e+01	8.398529887199401855e-02
5.362500000000000000e+03	1.932099914550781250e+01	9.226780384778976440e-02
4.559500000000000000e+03	1.924990081787109375e+01	8.994484692811965942e-02
5.351500000000000000e+03	1.927239990234375000e+01	9.022052586078643799e-02
4.543500000000000000e+03	1.901759910583496094e+01	8.991483598947525024e-02
5.291500000000000000e+03	1.936599922180175781e+01	9.189534187316894531e-02
4.508500000000000000e+03	1.930949974060058594e+01	9.045621007680892944e-02
4.998500000000000000e+03	1.908909988403320312e+01	8.734061568975448608e-02
5.644500000000000000e+03	1.954560089111328125e+01	9.334875643253326416e-02
4.834500000000000000e+03	1.922120094299316406e+01	8.314327895641326904e-02
4.998500000000000000e+03	1.906469917297363281e+01	8.757919818162918091e-02
5.300500000000000000e+03	1.944059944152832031e+01	9.784209728240966797e-02
4.478500000000000000e+03	1.919930076599121094e+01	8.692588657140731812e-02
4.478500000000000000e+03	1.917480087280273438e+01	8.726187795400619507e-02
4.864500000000000000e+03	1.929730033874511719e+01	8.501874655485153198e-02
4.588500000000000000e+03	1.916830062866210938e+01	8.937219530344009399e-02
5.623500000000000000e+03	1.944389915466308594e+01	8.807631582021713257e-02
4.823500000000000000e+03	1.869879913330078125e+01	1.049054935574531555e-01
5.711500000000000000e+03	1.938400077819824219e+01	8.858757466077804565e-02
4.615500000000000000e+03	1.908760070800781250e+01	8.748688548803329468e-02
5.632500000000000000e+03	1.950909996032714844e+01	8.979844301939010620e-02
4.882500000000000000e+03	1.926770019531250000e+01	8.532939851284027100e-02
4.892500000000000000e+03	1.919580078125000000e+01	8.429072052240371704e-02
4.998500000000000000e+03	1.896479988098144531e+01	8.401136100292205811e-02
4.834500000000000000e+03	1.923590087890625000e+01	8.347667753696441650e-02
4.588500000000000000e+03	1.932939910888671875e+01	9.367689490318298340e-02
5.030500000000000000e+03	1.898530006408691406e+01	9.139931201934814453e-02
4.951500000000000000e+03	1.860379981994628906e+01	9.974742680788040161e-02
5.362500000000000000e+03	1.945859909057617188e+01	9.619003534317016602e-02
5.739500000000000000e+03	1.946319961547851562e+01	9.163936227560043335e-02
5.327500000000000000e+03	1.947369956970214844e+01	9.548378735780715942e-02
4.951500000000000000e+03	1.844039916992187500e+01	1.013052463531494141e-01
4.852500000000000000e+03	1.921859931945800781e+01	8.430380374193191528e-02
4.944500000000000000e+03	1.916830062866210938e+01	8.375243097543716431e-02
5.683500000000000000e+03	1.954840087890625000e+01	9.205088019371032715e-02
4.864500000000000000e+03	1.917889976501464844e+01	8.254903554916381836e-02
4.882500000000000000e+03	1.920899963378906250e+01	8.359830081462860107e-02
4.588500000000000000e+03	1.924710083007812500e+01	9.125820547342300415e-02
5.683500000000000000e+03	1.947769927978515625e+01	9.040469676256179810e-02
4.882500000000000000e+03	1.913610076904296875e+01	8.201412856578826904e-02
5.291500000000000000e+03	1.939220046997070312e+01	9.276261925697326660e-02
4.970500000000000000e+03	1.918460083007812500e+01	8.577475696802139282e-02
4.296500000000000000e+03	1.914279937744140625e+01	8.563899993896484375e-02
5.260500000000000000e+03	1.936249923706054688e+01	9.175367653369903564e-02
5.327500000000000000e+03	1.926729965209960938e+01	8.970442414283752441e-02
4.535500000000000000e+03	1.919659996032714844e+01	8.819966763257980347e-02
4.834500000000000000e+03	1.937800025939941406e+01	8.701443672180175781e-02
4.925500000000000000e+03	1.906819915771484375e+01	8.259846270084381104e-02
4.508500000000000000e+03	1.926169967651367188e+01	9.063839167356491089e-02
5.739500000000000000e+03	1.949880027770996094e+01	9.246785193681716919e-02
5.632500000000000000e+03	1.949780082702636719e+01	9.030788391828536987e-02
4.508500000000000000e+03	1.926390075683593750e+01	8.954786509275436401e-02
5.030500000000000000e+03	1.886000061035156250e+01	9.446389973163604736e-02
4.864500000000000000e+03	1.917550086975097656e+01	8.254055678844451904e-02
5.656500000000000000e+03	1.968429946899414062e+01	1.040927544236183167e-01
5.260500000000000000e+03	1.926169967651367188e+01	8.964408189058303833e-02
5.260500000000000000e+03	1.944319915771484375e+01	9.408598393201828003e-02
4.588500000000000000e+03	1.909560012817382812e+01	8.760520815849304199e-02
4.530500000000000000e+03	1.917989921569824219e+01	8.778079599142074585e-02
