5.657500000000000000e+03	2.089380073547363281e+01	1.500498801469802856e-01
4.609500000000000000e+03	2.082180023193359375e+01	1.706510186195373535e-01
5.625500000000000000e+03	2.091259956359863281e+01	1.504402309656143188e-01
4.652500000000000000e+03	2.129599952697753906e+01	2.129018753767013550e-01
5.625500000000000000e+03	2.071380043029785156e+01	1.381704807281494141e-01
5.276500000000000000e+03	2.096039962768554688e+01	1.717144548892974854e-01
4.535500000000000000e+03	2.079409980773925781e+01	1.601419299840927124e-01
5.645500000000000000e+03	2.083379936218261719e+01	1.455790549516677856e-01
5.908500000000000000e+03	2.162409973144531250e+01	2.356647998094558716e-01
4.609500000000000000e+03	2.036170005798339844e+01	1.398010849952697754e-01
5.276500000000000000e+03	2.113330078125000000e+01	1.837191134691238403e-01
5.276500000000000000e+03	2.130419921875000000e+01	1.999234259128570557e-01
4.473500000000000000e+03	2.081170082092285156e+01	1.555440127849578857e-01
5.631500000000000000e+03	2.076409912109375000e+01	1.439293473958969116e-01
5.645500000000000000e+03	2.062639999389648438e+01	1.335603296756744385e-01
2.735242675781250000e+03	2.006259918212890625e+01	2.865200638771057129e-01
2.673474365234375000e+03	2.129509925842285156e+01	5.618838667869567871e-01
2.673494873046875000e+03	2.086930084228515625e+01	4.379960298538208008e-01
3.079258056640625000e+03	2.099110031127929688e+01	4.882192015647888184e-01
2.695451904296875000e+03	2.117359924316406250e+01	5.223110318183898926e-01
3.020439208984375000e+03	2.074460029602050781e+01	4.174275398254394531e-01
2.984504394531250000e+03	1.923060035705566406e+01	1.964524686336517334e-01
3.025513183593750000e+03	2.088100051879882812e+01	3.773663938045501709e-01
3.113356689453125000e+03	2.052770042419433594e+01	3.750111758708953857e-01
6.111755981445312500e+02	2.055060005187988281e+01	3.993188142776489258e-01
3.769387939453125000e+03	2.122529983520507812e+01	5.572485923767089844e-01
4.115485351562500000e+03	2.091410064697265625e+01	4.834615886211395264e-01
3.829388916015625000e+03	2.090699958801269531e+01	3.877505660057067871e-01
3.900167480468750000e+03	2.046969985961914062e+01	3.552693128585815430e-01
3.853171386718750000e+03	2.074539947509765625e+01	4.136757850646972656e-01
2.843165283203125000e+03	2.226160049438476562e+01	4.315504729747772217e-01
5.712500000000000000e+03	2.045949935913085938e+01	1.284572631120681763e-01
5.335500000000000000e+03	2.111020088195800781e+01	1.830432415008544922e-01
5.625500000000000000e+03	2.084530067443847656e+01	1.462197005748748779e-01
4.862500000000000000e+03	2.045490074157714844e+01	1.294220685958862305e-01
5.625500000000000000e+03	2.073719978332519531e+01	1.397750526666641235e-01
4.590500000000000000e+03	2.095739936828613281e+01	1.777152419090270996e-01
4.298500000000000000e+03	2.080019950866699219e+01	1.535046249628067017e-01
4.950500000000000000e+03	2.133580017089843750e+01	2.113852798938751221e-01
4.854500000000000000e+03	2.068849945068359375e+01	1.368849128484725952e-01
4.590500000000000000e+03	2.077619934082031250e+01	1.635281890630722046e-01
4.824500000000000000e+03	2.027339935302734375e+01	1.188909634947776794e-01
4.535500000000000000e+03	2.087430000305175781e+01	1.661898940801620483e-01
4.824500000000000000e+03	2.095929908752441406e+01	1.568637490272521973e-01
5.741500000000000000e+03	2.100760078430175781e+01	1.623147279024124146e-01
4.884500000000000000e+03	2.063590049743652344e+01	1.382369995117187500e-01
4.979500000000000000e+03	2.142980003356933594e+01	2.065833359956741333e-01
4.617500000000000000e+03	2.099979972839355469e+01	1.837417781352996826e-01
5.631500000000000000e+03	2.081119918823242188e+01	1.458117514848709106e-01
4.617500000000000000e+03	2.089080047607421875e+01	1.744130700826644897e-01
4.535500000000000000e+03	2.089200019836425781e+01	1.681423038244247437e-01
5.675500000000000000e+03	2.098629951477050781e+01	1.601703315973281860e-01
4.854500000000000000e+03	2.092180061340332031e+01	1.501005887985229492e-01
4.298500000000000000e+03	2.059199905395507812e+01	1.413746923208236694e-01
5.353500000000000000e+03	2.130340003967285156e+01	2.011302709579467773e-01
4.590500000000000000e+03	2.107990074157714844e+01	1.870222985744476318e-01
5.335500000000000000e+03	2.130500030517578125e+01	2.026098966598510742e-01
5.657500000000000000e+03	2.057130050659179688e+01	1.313030868768692017e-01
4.580500000000000000e+03	2.194610023498535156e+01	2.896769940853118896e-01
5.712500000000000000e+03	2.105360031127929688e+01	1.644223183393478394e-01
4.979500000000000000e+03	2.055879974365234375e+01	1.384414732456207275e-01
4.896500000000000000e+03	2.081139945983886719e+01	1.485568583011627197e-01
5.335500000000000000e+03	2.231819915771484375e+01	3.439358472824096680e-01
5.712500000000000000e+03	2.060939979553222656e+01	1.362450718879699707e-01
5.335500000000000000e+03	2.154960060119628906e+01	2.264319509267807007e-01
5.657500000000000000e+03	2.097789955139160156e+01	1.556658595800399780e-01
5.353500000000000000e+03	2.104450035095214844e+01	1.775531917810440063e-01
4.862500000000000000e+03	2.042910003662109375e+01	1.277372986078262329e-01
5.741500000000000000e+03	2.085040092468261719e+01	1.513712853193283081e-01
5.675500000000000000e+03	2.088629913330078125e+01	1.533034592866897583e-01
4.896500000000000000e+03	2.065880012512207031e+01	1.399141252040863037e-01
4.979500000000000000e+03	2.058909988403320312e+01	1.404403150081634521e-01
5.329500000000000000e+03	2.082159996032714844e+01	1.598941832780838013e-01
4.950500000000000000e+03	2.054770088195800781e+01	1.400843262672424316e-01
5.293500000000000000e+03	2.093919944763183594e+01	1.672263592481613159e-01
4.609500000000000000e+03	2.131189918518066406e+01	2.127741873264312744e-01
4.854500000000000000e+03	2.052330017089843750e+01	1.274652928113937378e-01
4.590500000000000000e+03	2.046129989624023438e+01	1.424581557512283325e-01
4.652500000000000000e+03	2.086409950256347656e+01	1.727454662322998047e-01
4.884500000000000000e+03	2.037709999084472656e+01	1.237475350499153137e-01
4.473500000000000000e+03	1.979879951477050781e+01	1.048189178109169006e-01
4.473500000000000000e+03	2.081800079345703125e+01	1.545623987913131714e-01
4.556500000000000000e+03	2.107550048828125000e+01	1.847486048936843872e-01
5.276500000000000000e+03	2.100040054321289062e+01	1.734321564435958862e-01
4.979500000000000000e+03	2.105780029296875000e+01	1.726441830396652222e-01
5.657500000000000000e+03	2.108760070800781250e+01	1.645079851150512695e-01
5.741500000000000000e+03	2.084219932556152344e+01	1.509952247142791748e-01
4.535500000000000000e+03	2.075349998474121094e+01	1.579932570457458496e-01
5.675500000000000000e+03	2.054920005798339844e+01	1.327734738588333130e-01
4.824500000000000000e+03	2.070599937438964844e+01	1.407239884138107300e-01
4.950500000000000000e+03	2.060829925537109375e+01	1.814651787281036377e-01
5.261500000000000000e+03	2.153630065917968750e+01	2.641009688377380371e-01
4.854500000000000000e+03	2.058539962768554688e+01	1.308886259794235229e-01
4.824500000000000000e+03	2.069820022583007812e+01	1.405110359191894531e-01
4.652500000000000000e+03	2.199279975891113281e+01	3.046339154243469238e-01
4.617500000000000000e+03	2.085300064086914062e+01	1.704040318727493286e-01
5.631500000000000000e+03	2.064349937438964844e+01	1.364821940660476685e-01
4.862500000000000000e+03	2.030529975891113281e+01	1.215792223811149597e-01
5.329500000000000000e+03	2.109740066528320312e+01	1.809886395931243896e-01
5.329500000000000000e+03	2.073990058898925781e+01	1.538358628749847412e-01
5.253500000000000000e+03	1.996109962463378906e+01	1.142347678542137146e-01
4.862500000000000000e+03	2.048889923095703125e+01	1.295385956764221191e-01
5.293500000000000000e+03	2.084700012207031250e+01	1.601348370313644409e-01
5.329500000000000000e+03	2.089290046691894531e+01	1.650016456842422485e-01
4.617500000000000000e+03	2.079870033264160156e+01	1.652781218290328979e-01
5.908500000000000000e+03	2.064640045166015625e+01	1.448345482349395752e-01
5.353500000000000000e+03	2.124640083312988281e+01	1.950706988573074341e-01
5.293500000000000000e+03	2.109959983825683594e+01	1.798153519630432129e-01
5.253500000000000000e+03	2.017490005493164062e+01	1.208825111389160156e-01
4.922500000000000000e+03	2.043160057067871094e+01	1.389725506305694580e-01
5.645500000000000000e+03	2.105500030517578125e+01	1.602485179901123047e-01
4.884500000000000000e+03	2.033049964904785156e+01	1.237691789865493774e-01
4.896500000000000000e+03	2.100480079650878906e+01	1.618409752845764160e-01
5.908500000000000000e+03	2.111590003967285156e+01	1.905552446842193604e-01
5.631500000000000000e+03	2.050440025329589844e+01	1.288804560899734497e-01
4.896500000000000000e+03	2.070170021057128906e+01	1.418208777904510498e-01
5.293500000000000000e+03	2.119650077819824219e+01	1.886563748121261597e-01
5.675500000000000000e+03	2.055100059509277344e+01	1.331646591424942017e-01
4.884500000000000000e+03	2.097769927978515625e+01	1.718410551548004150e-01
4.609500000000000000e+03	2.094890022277832031e+01	1.803561598062515259e-01
5.645500000000000000e+03	2.049099922180175781e+01	1.279775798320770264e-01
4.950500000000000000e+03	2.127720069885253906e+01	1.910043954849243164e-01
4.580500000000000000e+03	2.123299980163574219e+01	2.010541558265686035e-01
4.500500000000000000e+03	2.082799911499023438e+01	1.612337082624435425e-01
4.298500000000000000e+03	2.038730049133300781e+01	1.297631114721298218e-01
4.500500000000000000e+03	2.047809982299804688e+01	1.386092454195022583e-01
4.580500000000000000e+03	2.140570068359375000e+01	2.185135036706924438e-01
4.298500000000000000e+03	2.023419952392578125e+01	1.217661127448081970e-01
4.922500000000000000e+03	2.089329910278320312e+01	1.705361902713775635e-01
5.712500000000000000e+03	2.087800025939941406e+01	1.522106379270553589e-01
4.500500000000000000e+03	2.141329956054687500e+01	2.129201442003250122e-01
4.473500000000000000e+03	2.164929962158203125e+01	2.308589667081832886e-01
4.500500000000000000e+03	2.174480056762695312e+01	2.510252296924591064e-01
8.405145874023437500e+02	2.227840042114257812e+01	4.117714166641235352e-01
8.014648437500000000e+02	2.147060012817382812e+01	2.721266448497772217e-01
9.632039184570312500e+02	2.256800079345703125e+01	4.353275001049041748e-01
1.216417968750000000e+03	2.191130065917968750e+01	3.124522268772125244e-01
1.216425781250000000e+03	2.197760009765625000e+01	3.195731937885284424e-01
1.216433593750000000e+03	2.109219932556152344e+01	2.850011587142944336e-01
8.794105224609375000e+02	2.108830070495605469e+01	2.263876646757125854e-01
9.203169555664062500e+02	2.209980010986328125e+01	3.335015177726745605e-01
9.203385620117187500e+02	2.186680030822753906e+01	4.372502565383911133e-01
1.317218627929687500e+03	2.117160034179687500e+01	2.120130211114883423e-01
1.318217773437500000e+03	2.189130020141601562e+01	2.985178530216217041e-01
1.318223510742187500e+03	2.190920066833496094e+01	3.000004887580871582e-01
1.318229125976562500e+03	2.182119941711425781e+01	2.987210750579833984e-01
1.318234863281250000e+03	2.130089950561523438e+01	3.188953101634979248e-01
1.333242919921875000e+03	2.059259986877441406e+01	2.201578170061111450e-01
1.333248657226562500e+03	2.047940063476562500e+01	2.081452906131744385e-01
1.333254272460937500e+03	2.085330009460449219e+01	2.513904869556427002e-01
1.273306396484375000e+03	2.169750022888183594e+01	2.802024185657501221e-01
1.231447021484375000e+03	2.215419960021972656e+01	3.493929207324981689e-01
1.231457031250000000e+03	2.206509971618652344e+01	3.409241139888763428e-01
1.247399536132812500e+03	2.161960029602050781e+01	2.639949023723602295e-01
1.304197021484375000e+03	2.182469940185546875e+01	4.661476612091064453e-01
1.304201171875000000e+03	2.154100036621093750e+01	3.938620090484619141e-01
1.304205444335937500e+03	2.175580024719238281e+01	4.388955533504486084e-01
1.305247436523437500e+03	2.240970039367675781e+01	6.472888588905334473e-01
1.305254272460937500e+03	2.192989921569824219e+01	4.890245199203491211e-01
1.305267822265625000e+03	2.149979972839355469e+01	3.855259716510772705e-01
1.522492797851562500e+03	2.122220039367675781e+01	2.330783158540725708e-01
1.522505371093750000e+03	2.175200080871582031e+01	3.053361475467681885e-01
1.522517944335937500e+03	2.116629981994628906e+01	2.194110900163650513e-01
1.692209594726562500e+03	2.159939956665039062e+01	2.886593937873840332e-01
1.692216430664062500e+03	2.194249916076660156e+01	3.444707393646240234e-01
1.692223388671875000e+03	2.118199920654296875e+01	2.990266978740692139e-01
1.692230102539062500e+03	2.115740013122558594e+01	2.320201396942138672e-01
1.639298339843750000e+03	2.172100067138671875e+01	3.056618273258209229e-01
1.639302368164062500e+03	2.142390060424804688e+01	2.654196023941040039e-01
1.639313720703125000e+03	2.167289924621582031e+01	3.067547976970672607e-01
1.640337890625000000e+03	2.176630020141601562e+01	3.188338875770568848e-01
1.640342041015625000e+03	2.095989990234375000e+01	2.657433450222015381e-01
1.640346191406250000e+03	2.139270019531250000e+01	2.552610039710998535e-01
1.640350341796875000e+03	2.133429908752441406e+01	2.516960799694061279e-01
1.583496093750000000e+03	2.083180046081542969e+01	2.486306726932525635e-01
1.583503295898437500e+03	2.125040054321289062e+01	2.247031033039093018e-01
1.583510375976562500e+03	2.107659912109375000e+01	2.826366722583770752e-01
1.583517578125000000e+03	2.119429969787597656e+01	3.009835481643676758e-01
1.656292114257812500e+03	2.162039947509765625e+01	2.973570227622985840e-01
1.670205444335937500e+03	2.165990066528320312e+01	3.002066612243652344e-01
1.670213012695312500e+03	2.146850013732910156e+01	2.679689824581146240e-01
1.670220458984375000e+03	2.152919960021972656e+01	2.869713604450225830e-01
1.670227905273437500e+03	2.144059944152832031e+01	3.442412018775939941e-01
1.715180419921875000e+03	2.165010070800781250e+01	2.990266978740692139e-01
1.715188598632812500e+03	2.189690017700195312e+01	3.445473015308380127e-01
1.715196777343750000e+03	2.178610038757324219e+01	3.245663344860076904e-01
1.715204956054687500e+03	2.122999954223632812e+01	2.424960136413574219e-01
1.879512207031250000e+03	2.136989974975585938e+01	2.977089285850524902e-01
1.879516601562500000e+03	2.184070014953613281e+01	3.890379369258880615e-01
2.291488037109375000e+03	2.139209938049316406e+01	2.459892034530639648e-01
2.291495117187500000e+03	2.100079917907714844e+01	2.003883123397827148e-01
2.291502197265625000e+03	2.142720031738281250e+01	2.476628571748733521e-01
2.291509033203125000e+03	2.182299995422363281e+01	3.036159574985504150e-01
1.995439086914062500e+03	2.149539947509765625e+01	2.946336269378662109e-01
1.995444213867187500e+03	2.181410026550292969e+01	3.453159928321838379e-01
2.021289794921875000e+03	2.222949981689453125e+01	4.387452602386474609e-01
2.021306030273437500e+03	2.197820091247558594e+01	3.754984736442565918e-01
2.084156250000000000e+03	2.131719970703125000e+01	2.550376951694488525e-01
2.084162109375000000e+03	2.128890037536621094e+01	3.168258368968963623e-01
2.084167968750000000e+03	2.113360023498535156e+01	2.913650274276733398e-01
2.084173828125000000e+03	2.242359924316406250e+01	4.652639329433441162e-01
2.355440185546875000e+03	2.135569953918457031e+01	2.453349530696868896e-01
2.355446044921875000e+03	2.115959930419921875e+01	2.177056670188903809e-01
2.355451904296875000e+03	2.173119926452636719e+01	2.926501333713531494e-01
2.355457763671875000e+03	2.142720031738281250e+01	2.539614140987396240e-01
2.368261718750000000e+03	2.130509948730468750e+01	2.391235679388046265e-01
2.368269287109375000e+03	2.100320053100585938e+01	2.041569650173187256e-01
2.368276855468750000e+03	2.149629974365234375e+01	2.553249001502990723e-01
2.368284423828125000e+03	2.131410026550292969e+01	2.333938181400299072e-01
2.323405761718750000e+03	2.183589935302734375e+01	3.057706356048583984e-01
2.323412841796875000e+03	2.275550079345703125e+01	5.097202658653259277e-01
2.323419677734375000e+03	2.122960090637207031e+01	2.228880524635314941e-01
2.458193359375000000e+03	2.120269966125488281e+01	2.309295386075973511e-01
2.458200439453125000e+03	2.077190017700195312e+01	2.410866916179656982e-01
2.458207275390625000e+03	2.076980018615722656e+01	2.408185303211212158e-01
2.458214355468750000e+03	2.110960006713867188e+01	2.270546853542327881e-01
2.468171630859375000e+03	2.116230010986328125e+01	2.461035251617431641e-01
2.468176269531250000e+03	2.188789939880371094e+01	3.676320016384124756e-01
2.468180908203125000e+03	2.158329963684082031e+01	3.161046206951141357e-01
2.468185791015625000e+03	2.177799987792968750e+01	3.519705235958099365e-01
2.737375000000000000e+03	2.082920074462890625e+01	2.055462449789047241e-01
2.737382080078125000e+03	2.108950042724609375e+01	2.353897094726562500e-01
2.737389404296875000e+03	2.059160041809082031e+01	1.880901455879211426e-01
2.737396484375000000e+03	2.121240043640136719e+01	2.547832131385803223e-01
2.739344970703125000e+03	2.094779968261718750e+01	2.066829949617385864e-01
2.739350097656250000e+03	2.112660026550292969e+01	2.259023636579513550e-01
2.739355468750000000e+03	2.087750053405761719e+01	1.958064883947372437e-01
2.739360839843750000e+03	2.115699958801269531e+01	2.254421114921569824e-01
2.790213867187500000e+03	2.052619934082031250e+01	2.130115330219268799e-01
2.790221923828125000e+03	2.041900062561035156e+01	2.020973414182662964e-01
2.790228759765625000e+03	2.072940063476562500e+01	1.931293904781341553e-01
2.790235839843750000e+03	2.081349945068359375e+01	1.988423019647598267e-01
2.843153076171875000e+03	2.076469993591308594e+01	1.925181597471237183e-01
2.843157226562500000e+03	2.165810012817382812e+01	3.042040765285491943e-01
2.843161132812500000e+03	2.095579910278320312e+01	2.126103490591049194e-01
2.843165283203125000e+03	2.066780090332031250e+01	1.863174438476562500e-01
3.002481201171875000e+03	2.088050079345703125e+01	2.082814127206802368e-01
3.002487792968750000e+03	2.096450042724609375e+01	2.152804881334304810e-01
3.002494384765625000e+03	2.131570053100585938e+01	2.548785507678985596e-01
3.002501220703125000e+03	2.133650016784667969e+01	2.612812221050262451e-01
3.014443115234375000e+03	2.148970031738281250e+01	2.916491925716400146e-01
3.014449951171875000e+03	2.144989967346191406e+01	2.901430130004882812e-01
3.014457031250000000e+03	2.100720024108886719e+01	2.327641397714614868e-01
3.014464111328125000e+03	2.158270072937011719e+01	3.256703615188598633e-01
3.053415527343750000e+03	2.083009910583496094e+01	2.008263766765594482e-01
3.053423583984375000e+03	2.077899932861328125e+01	1.985639929771423340e-01
3.053431396484375000e+03	2.075889968872070312e+01	1.979821622371673584e-01
3.053439208984375000e+03	2.114049911499023438e+01	2.425780892372131348e-01
3.060517333984375000e+03	2.070789909362792969e+01	1.663030683994293213e-01
3.060522949218750000e+03	2.118000030517578125e+01	2.120310515165328979e-01
3.060528564453125000e+03	2.135280036926269531e+01	2.274129539728164673e-01
3.060534423828125000e+03	2.100900077819824219e+01	1.931427568197250366e-01
3.104355468750000000e+03	2.055960083007812500e+01	2.165786921977996826e-01
3.104363769531250000e+03	2.058200073242187500e+01	2.190107405185699463e-01
3.104374267578125000e+03	2.025090026855468750e+01	1.864125132560729980e-01
3.116250976562500000e+03	2.053420066833496094e+01	2.138581573963165283e-01
3.116256591796875000e+03	2.065019989013671875e+01	2.266315370798110962e-01
3.116261718750000000e+03	2.084630012512207031e+01	2.504803836345672607e-01
3.116266845703125000e+03	2.085619926452636719e+01	2.517879605293273926e-01
3.152127685546875000e+03	2.094420051574707031e+01	2.635719180107116699e-01
3.152135253906250000e+03	2.144960021972656250e+01	3.459344506263732910e-01
3.152161865234375000e+03	2.101539993286132812e+01	2.736080586910247803e-01
3.176149414062500000e+03	2.065349960327148438e+01	2.270100414752960205e-01
3.176155517578125000e+03	2.117589950561523438e+01	2.980620563030242920e-01
3.176161376953125000e+03	2.087610054016113281e+01	2.544029355049133301e-01
3.176167236328125000e+03	2.082460021972656250e+01	2.476920187473297119e-01
3.355478759765625000e+03	2.063089942932128906e+01	2.244440615177154541e-01
3.355486083984375000e+03	2.037210083007812500e+01	1.975350081920623779e-01
3.355500976562500000e+03	2.111759948730468750e+01	2.888897359371185303e-01
3.403468017578125000e+03	2.093729972839355469e+01	2.626275718212127686e-01
3.403473876953125000e+03	2.060379981994628906e+01	2.214064598083496094e-01
3.403479736328125000e+03	2.109770011901855469e+01	2.858470380306243896e-01
3.420415283203125000e+03	2.036050033569335938e+01	1.964383423328399658e-01
3.420434326171875000e+03	2.086720085144042969e+01	2.532098591327667236e-01
3.420446289062500000e+03	2.072159957885742188e+01	2.349664568901062012e-01
3.420466064453125000e+03	2.043499946594238281e+01	2.036793529987335205e-01
3.532139404296875000e+03	2.109860038757324219e+01	2.859812974929809570e-01
3.532144531250000000e+03	2.089360046386718750e+01	2.567106783390045166e-01
3.532149658203125000e+03	2.149810028076171875e+01	3.553529083728790283e-01
3.532154785156250000e+03	2.109760093688964844e+01	2.858023643493652344e-01
3.552151611328125000e+03	2.115159988403320312e+01	2.941948473453521729e-01
3.552158691406250000e+03	2.085779953002929688e+01	2.519720494747161865e-01
3.552166015625000000e+03	2.115279960632324219e+01	2.943896353244781494e-01
3.552173095703125000e+03	2.098950004577636719e+01	2.699107229709625244e-01
3.903142822265625000e+03	2.063660049438476562e+01	1.882741749286651611e-01
3.903147460937500000e+03	2.089439964294433594e+01	2.132313698530197144e-01
3.903152099609375000e+03	2.078949928283691406e+01	2.026879191398620605e-01
3.903156494140625000e+03	2.117370033264160156e+01	2.458180189132690430e-01
4.180413085937500000e+03	2.091780090332031250e+01	1.983305960893630981e-01
4.180417968750000000e+03	2.134160041809082031e+01	2.399400025606155396e-01
4.180423339843750000e+03	2.085770034790039062e+01	1.892157644033432007e-01
4.180428222656250000e+03	2.121069908142089844e+01	2.425507158041000366e-01
4.196292968750000000e+03	2.077099990844726562e+01	1.827529370784759521e-01
4.196298339843750000e+03	2.065999984741210938e+01	1.733108460903167725e-01
4.196303222656250000e+03	2.136849975585937500e+01	2.446017116308212280e-01
4.196308593750000000e+03	2.111090087890625000e+01	2.149785757064819336e-01
4.232162597656250000e+03	2.087969970703125000e+01	1.955138742923736572e-01
4.232172363281250000e+03	2.088730049133300781e+01	1.955695003271102905e-01
4.232182617187500000e+03	2.121109962463378906e+01	2.286122888326644897e-01
4.232192871093750000e+03	2.106609916687011719e+01	2.134519219398498535e-01
4.254224609375000000e+03	2.102639961242675781e+01	2.138581573963165283e-01
4.254229492187500000e+03	2.062669944763183594e+01	1.768300533294677734e-01
4.254234863281250000e+03	2.065360069274902344e+01	1.787394434213638306e-01
4.254239746093750000e+03	2.076399993896484375e+01	1.886069178581237793e-01
4.269180664062500000e+03	2.105649948120117188e+01	2.047671079635620117e-01
4.269187011718750000e+03	2.085799980163574219e+01	1.856916844844818115e-01
4.269192871093750000e+03	2.122999954223632812e+01	2.235447019338607788e-01
4.269198730468750000e+03	2.063369941711425781e+01	1.684881597757339478e-01
5.741500000000000000e+03	2.102820014953613281e+01	1.640271246433258057e-01
