4.904500000000000000e+03	2.068639945983886719e+01	1.406750828027725220e-01
4.904500000000000000e+03	2.048159980773925781e+01	1.297076493501663208e-01
4.824500000000000000e+03	2.075270080566406250e+01	1.442401409149169922e-01
4.590500000000000000e+03	2.029669952392578125e+01	1.337984353303909302e-01
4.824500000000000000e+03	2.065579986572265625e+01	1.388665735721588135e-01
4.652500000000000000e+03	2.018709945678710938e+01	1.300812959671020508e-01
4.904500000000000000e+03	2.084860038757324219e+01	1.632541269063949585e-01
4.581500000000000000e+03	2.026199913024902344e+01	1.299694180488586426e-01
4.560500000000000000e+03	2.048080062866210938e+01	1.410905867815017700e-01
4.652500000000000000e+03	2.027490043640136719e+01	1.349226981401443481e-01
4.862500000000000000e+03	2.075279998779296875e+01	1.535963863134384155e-01
4.613500000000000000e+03	2.006060028076171875e+01	1.210082024335861206e-01
4.854500000000000000e+03	2.065250015258789062e+01	1.442742794752120972e-01
4.652500000000000000e+03	2.085330009460449219e+01	1.730598211288452148e-01
4.971500000000000000e+03	2.088279914855957031e+01	1.572215557098388672e-01
4.613500000000000000e+03	2.084090042114257812e+01	1.691958010196685791e-01
4.536500000000000000e+03	2.036230087280273438e+01	1.336480528116226196e-01
4.560500000000000000e+03	2.048419952392578125e+01	1.416837275028228760e-01
4.536500000000000000e+03	2.029599952697753906e+01	1.303693056106567383e-01
4.613500000000000000e+03	1.983860015869140625e+01	1.124291047453880310e-01
4.854500000000000000e+03	2.057010078430175781e+01	1.310850381851196289e-01
4.854500000000000000e+03	2.054420089721679688e+01	1.299037933349609375e-01
4.862500000000000000e+03	2.052449989318847656e+01	1.352506279945373535e-01
4.590500000000000000e+03	2.097069931030273438e+01	1.798048019409179688e-01
4.946500000000000000e+03	2.070359992980957031e+01	1.464149504899978638e-01
4.824500000000000000e+03	2.069650077819824219e+01	1.412030756473541260e-01
4.475500000000000000e+03	2.043910026550292969e+01	1.338241696357727051e-01
4.946500000000000000e+03	2.071910095214843750e+01	1.473423987627029419e-01
4.884500000000000000e+03	2.062509918212890625e+01	1.411535441875457764e-01
4.536500000000000000e+03	2.033580017089843750e+01	1.325103938579559326e-01
4.922500000000000000e+03	2.055850028991699219e+01	1.515576690435409546e-01
4.613500000000000000e+03	2.012829971313476562e+01	1.253089010715484619e-01
4.862500000000000000e+03	2.105739974975585938e+01	1.824309080839157104e-01
4.904500000000000000e+03	2.080870056152343750e+01	1.484592258930206299e-01
4.884500000000000000e+03	2.077639961242675781e+01	1.462145745754241943e-01
4.581500000000000000e+03	2.034510040283203125e+01	1.337837278842926025e-01
4.536500000000000000e+03	2.049930000305175781e+01	1.405996233224868774e-01
4.854500000000000000e+03	2.039259910583496094e+01	1.230470314621925354e-01
4.590500000000000000e+03	2.129409980773925781e+01	2.093460559844970703e-01
1.280219238281250000e+03	2.116090011596679688e+01	5.101721286773681641e-01
3.079287353515625000e+03	2.031809997558593750e+01	3.325970470905303955e-01
9.192269287109375000e+02	2.079910087585449219e+01	4.157341420650482178e-01
2.382262207031250000e+03	2.089360046386718750e+01	4.595436155796051025e-01
2.965505859375000000e+03	1.998259925842285156e+01	3.242436647415161133e-01
1.249442871093750000e+03	2.113069915771484375e+01	4.962274730205535889e-01
2.751244384765625000e+03	2.033979988098144531e+01	3.325970470905303955e-01
3.114271972656250000e+03	2.129640007019042969e+01	5.821484923362731934e-01
2.735244873046875000e+03	2.046540069580078125e+01	3.590867519378662109e-01
2.291467773437500000e+03	2.116110038757324219e+01	5.299266576766967773e-01
3.032443603515625000e+03	2.136700057983398438e+01	5.988574624061584473e-01
9.192188110351562500e+02	1.980430030822753906e+01	2.433482259511947632e-01
3.164170898437500000e+03	2.126930046081542969e+01	4.941403269767761230e-01
3.407510253906250000e+03	2.046439933776855469e+01	3.621370792388916016e-01
3.770438232421875000e+03	2.062509918212890625e+01	3.945327997207641602e-01
4.174322753906250000e+03	2.144659996032714844e+01	6.172758936882019043e-01
4.208184570312500000e+03	2.035630035400390625e+01	3.582284450531005859e-01
3.874168945312500000e+03	2.081299972534179688e+01	4.329925179481506348e-01
4.242181640625000000e+03	1.978310012817382812e+01	2.456756383180618286e-01
3.407532714843750000e+03	2.018670082092285156e+01	3.117592632770538330e-01
4.086514648437500000e+03	2.090589904785156250e+01	3.562760949134826660e-01
3.842223144531250000e+03	2.079809951782226562e+01	4.179523885250091553e-01
3.842231201171875000e+03	1.981170082092285156e+01	2.451368868350982666e-01
4.201291992187500000e+03	2.069020080566406250e+01	4.004822671413421631e-01
3.465352294921875000e+03	2.116760063171386719e+01	5.041618347167968750e-01
4.922500000000000000e+03	2.110420036315917969e+01	1.882004886865615845e-01
4.560500000000000000e+03	2.075399971008300781e+01	1.576090902090072632e-01
4.922500000000000000e+03	2.149550056457519531e+01	2.382119297981262207e-01
4.581500000000000000e+03	2.012700080871582031e+01	1.231052353978157043e-01
4.884500000000000000e+03	2.090859985351562500e+01	1.650883704423904419e-01
4.971500000000000000e+03	2.126980018615722656e+01	1.883479505777359009e-01
4.979500000000000000e+03	2.073839950561523438e+01	1.504516005516052246e-01
4.884500000000000000e+03	2.051329994201660156e+01	1.310409158468246460e-01
4.896500000000000000e+03	2.053359985351562500e+01	1.321195363998413086e-01
4.979500000000000000e+03	1.980030059814453125e+01	1.047326698899269104e-01
4.824500000000000000e+03	2.057099914550781250e+01	1.340752094984054565e-01
4.475500000000000000e+03	2.039879989624023438e+01	1.321510523557662964e-01
4.979500000000000000e+03	2.113400077819824219e+01	1.794368475675582886e-01
4.896500000000000000e+03	2.042959976196289062e+01	1.267133057117462158e-01
4.971500000000000000e+03	1.899679946899414062e+01	8.119785785675048828e-02
4.862500000000000000e+03	2.126320075988769531e+01	1.879311203956604004e-01
4.896500000000000000e+03	2.106800079345703125e+01	1.659081131219863892e-01
4.946500000000000000e+03	2.071649932861328125e+01	1.523174792528152466e-01
4.590500000000000000e+03	2.048460006713867188e+01	1.440213620662689209e-01
4.946500000000000000e+03	2.056329917907714844e+01	1.387566626071929932e-01
4.896500000000000000e+03	2.055690002441406250e+01	1.338241696357727051e-01
4.475500000000000000e+03	2.023909950256347656e+01	1.252946853637695312e-01
4.475500000000000000e+03	2.053160095214843750e+01	1.392025053501129150e-01
1.254350830078125000e+03	2.193650054931640625e+01	3.234730064868927002e-01
1.254360107421875000e+03	2.111619949340820312e+01	2.117971479892730713e-01
1.254369262695312500e+03	2.239870071411132812e+01	4.191400408744812012e-01
1.254378417968750000e+03	2.163050079345703125e+01	2.764411866664886475e-01
1.231360961914062500e+03	2.246089935302734375e+01	4.350337088108062744e-01
1.231374511718750000e+03	2.146089935302734375e+01	2.506313621997833252e-01
1.231381347656250000e+03	2.241399955749511719e+01	4.210061132907867432e-01
1.286282592773437500e+03	2.217980003356933594e+01	3.743319511413574219e-01
1.286290771484375000e+03	2.147450065612792969e+01	2.568732798099517822e-01
1.286298950195312500e+03	2.192280006408691406e+01	3.270491063594818115e-01
1.286307128906250000e+03	2.137199974060058594e+01	2.419510036706924438e-01
1.516491333007812500e+03	2.217379951477050781e+01	4.378466010093688965e-01
1.516500366210937500e+03	2.111319923400878906e+01	2.463039904832839966e-01
1.675119018554687500e+03	2.198229980468750000e+01	4.175585806369781494e-01
1.635337158203125000e+03	2.151180076599121094e+01	3.580574691295623779e-01
1.635349487304687500e+03	2.166290092468261719e+01	3.384222388267517090e-01
1.602387695312500000e+03	2.261899948120117188e+01	4.844424128532409668e-01
1.602397827148437500e+03	2.191150093078613281e+01	3.272474408149719238e-01
1.602408081054687500e+03	2.213640022277832031e+01	3.716491162776947021e-01
1.602418334960937500e+03	2.150189971923828125e+01	2.632209956645965576e-01
1.992275756835937500e+03	2.189730072021484375e+01	3.707981407642364502e-01
1.992282958984375000e+03	2.120929908752441406e+01	2.552290558815002441e-01
1.992290161132812500e+03	2.128260040283203125e+01	2.667216360569000244e-01
1.992297363281250000e+03	2.155159950256347656e+01	3.111279308795928955e-01
1.960337890625000000e+03	2.189389991760253906e+01	3.776637017726898193e-01
1.960345092773437500e+03	2.175519943237304688e+01	3.316995501518249512e-01
1.960369140625000000e+03	2.096010017395019531e+01	2.181379646062850952e-01
2.353351562500000000e+03	2.139279937744140625e+01	2.498791515827178955e-01
2.353358398437500000e+03	2.081640052795410156e+01	1.911204606294631958e-01
2.353365478515625000e+03	2.103249931335449219e+01	2.129566818475723267e-01
2.353372314453125000e+03	2.095140075683593750e+01	2.025319635868072510e-01
2.377238281250000000e+03	2.086619949340820312e+01	2.068494111299514771e-01
2.377244140625000000e+03	2.098660087585449219e+01	2.155647575855255127e-01
2.377250000000000000e+03	2.126070022583007812e+01	2.489558160305023193e-01
2.377255859375000000e+03	2.097080039978027344e+01	2.150539159774780273e-01
2.731243164062500000e+03	2.102109909057617188e+01	2.114924788475036621e-01
2.731250732421875000e+03	2.073270034790039062e+01	1.861396431922912598e-01
2.731258300781250000e+03	2.089109992980957031e+01	1.998487859964370728e-01
2.731265869140625000e+03	2.081879997253417969e+01	1.933971345424652100e-01
2.761229980468750000e+03	2.105509948730468750e+01	2.218830287456512451e-01
2.761237060546875000e+03	2.104680061340332031e+01	2.207486778497695923e-01
2.761243896484375000e+03	2.122060012817382812e+01	2.427150607109069824e-01
2.761250976562500000e+03	2.104890060424804688e+01	2.208510488271713257e-01
2.818178710937500000e+03	2.185300064086914062e+01	3.412964940071105957e-01
2.818185791015625000e+03	2.180120086669921875e+01	3.356868922710418701e-01
3.090286865234375000e+03	2.088249969482421875e+01	2.552290558815002441e-01
3.090292724609375000e+03	2.048399925231933594e+01	2.086229622364044189e-01
3.090298583984375000e+03	2.075699996948242188e+01	2.392546832561492920e-01
3.090304687500000000e+03	2.080570030212402344e+01	2.453066408634185791e-01
3.117259765625000000e+03	2.230520057678222656e+01	5.636487603187561035e-01
3.117265136718750000e+03	2.088979911804199219e+01	2.561924159526824951e-01
3.117270507812500000e+03	2.150020027160644531e+01	3.557716906070709229e-01
3.117275634765625000e+03	2.055089950561523438e+01	2.156407535076141357e-01
3.402506835937500000e+03	2.169910049438476562e+01	3.975910842418670654e-01
3.402515380859375000e+03	2.124519920349121094e+01	3.093684315681457520e-01
3.418418701171875000e+03	2.105190086364746094e+01	2.789458036422729492e-01
3.418424316406250000e+03	2.093009948730468750e+01	2.616244852542877197e-01
3.431411132812500000e+03	2.123600006103515625e+01	2.814331650733947754e-01
3.431421630859375000e+03	2.222380065917968750e+01	4.876175820827484131e-01
3.431428222656250000e+03	2.165699958801269531e+01	3.536915183067321777e-01
3.431435058593750000e+03	2.129129981994628906e+01	2.898631393909454346e-01
3.533138916015625000e+03	2.118519973754882812e+01	2.995380759239196777e-01
3.533143310546875000e+03	2.075130081176757812e+01	2.385492920875549316e-01
3.533147949218750000e+03	2.092930030822753906e+01	2.615213692188262939e-01
3.533152587890625000e+03	2.127000045776367188e+01	3.135585486888885498e-01
3.813327392578125000e+03	2.059900093078613281e+01	2.208715528249740601e-01
3.813335205078125000e+03	2.098850059509277344e+01	2.697598934173583984e-01
3.813343017578125000e+03	2.028030014038085938e+01	1.890286952257156372e-01
3.813350830078125000e+03	2.013890075683593750e+01	1.768699735403060913e-01
3.858283447265625000e+03	2.041390037536621094e+01	1.801116019487380981e-01
3.858287353515625000e+03	2.025819969177246094e+01	1.679744869470596313e-01
3.858291015625000000e+03	2.078350067138671875e+01	2.148845046758651733e-01
3.858294921875000000e+03	2.039179992675781250e+01	1.778574585914611816e-01
4.196195312500000000e+03	2.115629959106445312e+01	2.424140125513076782e-01
4.196200195312500000e+03	2.063629913330078125e+01	1.875415891408920288e-01
4.196205566406250000e+03	2.030780029296875000e+01	1.605841219425201416e-01
4.196210937500000000e+03	2.077440071105957031e+01	1.995213627815246582e-01
4.242184570312500000e+03	2.085880088806152344e+01	2.076710760593414307e-01
4.242192382812500000e+03	2.084410095214843750e+01	2.074688822031021118e-01
4.242196289062500000e+03	2.044449996948242188e+01	1.725982129573822021e-01
4.242200195312500000e+03	2.058289909362792969e+01	1.838439255952835083e-01
4.560500000000000000e+03	2.085600090026855469e+01	1.670698821544647217e-01
4.581500000000000000e+03	2.019540023803710938e+01	1.261417120695114136e-01
4.922500000000000000e+03	2.080610084533691406e+01	1.662464439868927002e-01
