4.481500000000000000e+03	1.981480026245117188e+01	1.058993488550186157e-01
4.979500000000000000e+03	1.993429946899414062e+01	1.113367900252342224e-01
4.946500000000000000e+03	1.988999938964843750e+01	1.159878596663475037e-01
4.904500000000000000e+03	1.941500091552734375e+01	9.273027628660202026e-02
4.800500000000000000e+03	1.978260040283203125e+01	9.873390942811965942e-02
4.862500000000000000e+03	1.976469993591308594e+01	1.178712025284767151e-01
4.800500000000000000e+03	1.992849922180175781e+01	1.037794426083564758e-01
4.904500000000000000e+03	1.988640022277832031e+01	1.104414388537406921e-01
4.862500000000000000e+03	1.861009979248046875e+01	7.882726937532424927e-02
4.854500000000000000e+03	1.982699966430664062e+01	1.061134263873100281e-01
4.535500000000000000e+03	1.999329948425292969e+01	1.144825741648674011e-01
4.896500000000000000e+03	2.001479911804199219e+01	1.119153872132301331e-01
4.854500000000000000e+03	1.978569984436035156e+01	1.049041599035263062e-01
4.535500000000000000e+03	2.020059967041015625e+01	1.232592314481735229e-01
4.971500000000000000e+03	1.911120033264160156e+01	1.297304779291152954e-01
4.824500000000000000e+03	1.988680076599121094e+01	1.040220409631729126e-01
4.535500000000000000e+03	2.026280021667480469e+01	1.272892653942108154e-01
4.884500000000000000e+03	1.981539916992187500e+01	1.099476739764213562e-01
4.800500000000000000e+03	2.000279998779296875e+01	1.059746816754341125e-01
4.824500000000000000e+03	1.980089950561523438e+01	1.011807546019554138e-01
4.896500000000000000e+03	1.990609931945800781e+01	1.043023392558097839e-01
4.481500000000000000e+03	1.994689941406250000e+01	1.108698025345802307e-01
4.896500000000000000e+03	2.007519912719726562e+01	1.114273741841316223e-01
4.824500000000000000e+03	1.977359962463378906e+01	9.981396794319152832e-02
4.481500000000000000e+03	1.987430000305175781e+01	1.072936132550239563e-01
4.854500000000000000e+03	1.984160041809082031e+01	1.059816703200340271e-01
4.535500000000000000e+03	2.013929939270019531e+01	1.210477426648139954e-01
4.800500000000000000e+03	1.999740028381347656e+01	1.064589321613311768e-01
4.896500000000000000e+03	1.967869949340820312e+01	9.683416783809661865e-02
4.946500000000000000e+03	1.988360023498535156e+01	1.132528111338615417e-01
4.594500000000000000e+03	2.001499938964843750e+01	1.175122633576393127e-01
4.884500000000000000e+03	1.979999923706054688e+01	1.127852648496627808e-01
4.862500000000000000e+03	1.971789932250976562e+01	1.095832288265228271e-01
4.884500000000000000e+03	1.972859954833984375e+01	1.033193692564964294e-01
4.979500000000000000e+03	2.015119934082031250e+01	1.197677478194236755e-01
4.862500000000000000e+03	1.963969993591308594e+01	1.084774509072303772e-01
4.481500000000000000e+03	1.982169914245605469e+01	1.064289957284927368e-01
2.511437683105468750e+02	2.081590080261230469e+01	4.512306451797485352e-01
4.394829711914062500e+02	2.059700012207031250e+01	3.937505483627319336e-01
4.064815979003906250e+02	2.028499984741210938e+01	3.582284450531005859e-01
4.064912719726562500e+02	2.054750061035156250e+01	4.110164046287536621e-01
5.961662597656250000e+02	2.074469947814941406e+01	4.489756524562835693e-01
8.334287719726562500e+02	1.925779914855957031e+01	1.877360194921493530e-01
8.443853759765625000e+02	2.040180015563964844e+01	3.287794589996337891e-01
8.444017944335937500e+02	2.013360023498535156e+01	2.846030592918395996e-01
8.444100341796875000e+02	1.980229949951171875e+01	2.383674681186676025e-01
5.063768005371093750e+02	1.932320022583007812e+01	1.985347718000411987e-01
5.501814575195312500e+02	2.019750022888183594e+01	3.173698782920837402e-01
7.804553222656250000e+02	1.970170021057128906e+01	2.326677143573760986e-01
7.804760131835937500e+02	2.090220069885253906e+01	4.411666691303253174e-01
7.804860839843750000e+02	1.960350036621093750e+01	2.186126708984375000e-01
1.188431518554687500e+03	1.986590003967285156e+01	2.473427802324295044e-01
1.188453002929687500e+03	1.988109970092773438e+01	2.488670200109481812e-01
1.205430419921875000e+03	1.968149948120117188e+01	2.267204076051712036e-01
1.205436889648437500e+03	2.031570053100585938e+01	3.158652782440185547e-01
1.215493652343750000e+03	2.081459999084472656e+01	4.253587126731872559e-01
8.903141479492187500e+02	1.958259963989257812e+01	2.316389977931976318e-01
8.973119506835937500e+02	2.003050041198730469e+01	2.753936648368835449e-01
8.973180541992187500e+02	1.979380035400390625e+01	2.433482259511947632e-01
8.762670898437500000e+02	1.962739944458007812e+01	2.225724607706069946e-01
8.762768554687500000e+02	1.940999984741210938e+01	1.999234408140182495e-01
8.762866210937500000e+02	1.983760070800781250e+01	2.472267001867294312e-01
9.211886596679687500e+02	1.998019981384277344e+01	2.682650089263916016e-01
1.173396240234375000e+03	2.010309982299804688e+01	2.888897359371185303e-01
1.135494140625000000e+03	1.989290046691894531e+01	2.553249001502990723e-01
1.310168945312500000e+03	2.039340019226074219e+01	3.407012522220611572e-01
1.318146606445312500e+03	2.023040008544921875e+01	3.104434311389923096e-01
1.325189331054687500e+03	2.016810035705566406e+01	3.105002939701080322e-01
1.558408569335937500e+03	2.019720077514648438e+01	2.969563305377960205e-01
1.558424560546875000e+03	2.041749954223632812e+01	3.351898789405822754e-01
1.573447875976562500e+03	2.034519958496093750e+01	3.187724947929382324e-01
1.573454589843750000e+03	1.918790054321289062e+01	1.767503172159194946e-01
1.573461181640625000e+03	1.974320030212402344e+01	2.302734106779098511e-01
1.573468017578125000e+03	1.938150024414062500e+01	1.942893117666244507e-01
1.254271606445312500e+03	2.031279945373535156e+01	3.158054947853088379e-01
1.254278198242187500e+03	1.968009948730468750e+01	2.254639714956283569e-01
1.254284790039062500e+03	1.993810081481933594e+01	2.582846283912658691e-01
1.261236572265625000e+03	2.010409927368164062e+01	2.804557681083679199e-01
1.284228027343750000e+03	2.101199913024902344e+01	4.977027177810668945e-01
1.288192993164062500e+03	2.005400085449218750e+01	2.381601631641387939e-01
1.288206909179687500e+03	2.038050079345703125e+01	2.833748459815979004e-01
1.288214721679687500e+03	2.068129920959472656e+01	3.315621018409729004e-01
1.288222656250000000e+03	1.995289993286132812e+01	2.250282168388366699e-01
1.527467773437500000e+03	2.053170013427734375e+01	3.505140244960784912e-01
1.527473754882812500e+03	2.102129936218261719e+01	4.638594388961791992e-01
1.527479736328125000e+03	2.003319931030273438e+01	2.719334661960601807e-01
1.543446166992187500e+03	2.020700073242187500e+01	3.516453504562377930e-01
1.695188110351562500e+03	2.000139999389648438e+01	2.796139419078826904e-01
1.695195434570312500e+03	1.978800010681152344e+01	2.523723542690277100e-01
1.695209716796875000e+03	1.951530075073242188e+01	2.183947116136550903e-01
1.927397338867187500e+03	1.969869995117187500e+01	2.299242615699768066e-01
1.927402832031250000e+03	2.032399940490722656e+01	3.183437287807464600e-01
1.927408325195312500e+03	2.060530090332031250e+01	3.708924353122711182e-01
1.927413818359375000e+03	1.957729911804199219e+01	2.161368429660797119e-01
1.626265380859375000e+03	1.982789993286132812e+01	2.786135077476501465e-01
1.633225830078125000e+03	1.970520019531250000e+01	2.292999029159545898e-01
1.633231811523437500e+03	1.969939994812011719e+01	2.287036031484603882e-01
1.633243896484375000e+03	1.958429908752441406e+01	2.163286060094833374e-01
1.658172851562500000e+03	1.946299934387207031e+01	2.049610167741775513e-01
1.658182373046875000e+03	2.008410072326660156e+01	2.813051044940948486e-01
1.658187133789062500e+03	2.032810020446777344e+01	3.176732957363128662e-01
1.670165893554687500e+03	1.946470069885253906e+01	2.059558033943176270e-01
1.670171875000000000e+03	1.901359939575195312e+01	1.666197329759597778e-01
1.670177978515625000e+03	1.948730087280273438e+01	2.091904282569885254e-01
1.670183959960937500e+03	1.975429916381835938e+01	2.372852861881256104e-01
1.902428466796875000e+03	1.956699943542480469e+01	2.225724607706069946e-01
1.902440185546875000e+03	2.007920074462890625e+01	2.900029718875885010e-01
1.902451904296875000e+03	2.006920051574707031e+01	2.857129871845245361e-01
1.902463623046875000e+03	2.025650024414062500e+01	3.169465065002441406e-01
1.872485351562500000e+03	1.929949951171875000e+01	1.972911953926086426e-01
1.872495117187500000e+03	1.988240051269531250e+01	2.619345486164093018e-01
2.045161254882812500e+03	1.971310043334960938e+01	2.382378429174423218e-01
2.045166381835937500e+03	2.023390007019042969e+01	3.099328577518463135e-01
2.052158935546875000e+03	2.023520088195800781e+01	3.157458007335662842e-01
2.052165771484375000e+03	2.002479934692382812e+01	2.841626107692718506e-01
2.052172851562500000e+03	2.020750045776367188e+01	3.153286278247833252e-01
2.283483398437500000e+03	2.059359931945800781e+01	3.903372585773468018e-01
2.283496093750000000e+03	1.986940002441406250e+01	2.614527046680450439e-01
2.290412109375000000e+03	2.030450057983398438e+01	3.344130218029022217e-01
2.290427001953125000e+03	1.965099906921386719e+01	2.325954884290695190e-01
2.290434570312500000e+03	2.087220001220703125e+01	4.600557386875152588e-01
1.954295410156250000e+03	1.970350074768066406e+01	2.517266869544982910e-01
1.954306030273437500e+03	1.991580009460449219e+01	2.767252326011657715e-01
1.962340576171875000e+03	2.024979972839355469e+01	3.096502721309661865e-01
1.962348022460937500e+03	1.976740074157714844e+01	2.408720850944519043e-01
2.021205688476562500e+03	2.039669990539550781e+01	3.365438878536224365e-01
2.021211914062500000e+03	2.005610084533691406e+01	2.829833328723907471e-01
2.021218261718750000e+03	1.958480072021484375e+01	2.218206971883773804e-01
2.021224487304687500e+03	1.939340019226074219e+01	2.014356702566146851e-01
2.076197265625000000e+03	2.035409927368164062e+01	3.457021415233612061e-01
2.254480957031250000e+03	1.975449943542480469e+01	2.456187605857849121e-01
2.254498291015625000e+03	1.919540023803710938e+01	1.847139894962310791e-01
2.263445312500000000e+03	2.004039955139160156e+01	2.856683433055877686e-01
2.234503417968750000e+03	2.013430023193359375e+01	3.440884351730346680e-01
2.347228271484375000e+03	2.055229949951171875e+01	3.191413283348083496e-01
2.347250488281250000e+03	2.017370033264160156e+01	2.599890828132629395e-01
2.347261474609375000e+03	1.978899955749511719e+01	2.157358825206756592e-01
2.354241210937500000e+03	1.981579971313476562e+01	2.169846147298812866e-01
2.354252197265625000e+03	2.040570068359375000e+01	2.944383919239044189e-01
2.354263427734375000e+03	1.940539932250976562e+01	1.780306398868560791e-01
2.354274658203125000e+03	1.919890022277832031e+01	1.619885116815567017e-01
2.368246582031250000e+03	2.011129951477050781e+01	2.973068654537200928e-01
2.368254394531250000e+03	1.950309944152832031e+01	2.169458568096160889e-01
2.368262451171875000e+03	1.969389915466308594e+01	2.388620227575302124e-01
2.368270507812500000e+03	1.992070007324218750e+01	2.686736583709716797e-01
2.314335693359375000e+03	1.970800018310546875e+01	2.453916370868682861e-01
2.314343017578125000e+03	1.967370033264160156e+01	2.400459647178649902e-01
2.314358398437500000e+03	1.947590065002441406e+01	2.168297022581100464e-01
2.323458984375000000e+03	2.023640060424804688e+01	3.227711319923400879e-01
2.336434814453125000e+03	1.825300025939941406e+01	1.266539096832275391e-01
2.336448974609375000e+03	1.917270088195800781e+01	1.912626177072525024e-01
2.397137695312500000e+03	2.088019943237304688e+01	4.560016691684722900e-01
2.397144531250000000e+03	2.014640045166015625e+01	3.029780685901641846e-01
2.434205810546875000e+03	1.940290069580078125e+01	2.064838409423828125e-01
1.954333618164062500e+03	1.980610084533691406e+01	2.457325756549835205e-01
1.954344726562500000e+03	1.997760009765625000e+01	2.687481343746185303e-01
1.954350219726562500e+03	1.993670082092285156e+01	2.591159343719482422e-01
2.638426269531250000e+03	2.054700088500976562e+01	3.722194731235504150e-01
2.638436523437500000e+03	1.972870063781738281e+01	2.391759902238845825e-01
2.644410644531250000e+03	2.010950088500976562e+01	2.950252294540405273e-01
2.644415771484375000e+03	2.063730049133300781e+01	3.920886516571044922e-01
2.719341064453125000e+03	1.999080085754394531e+01	2.787795066833496094e-01
2.719368164062500000e+03	1.978980064392089844e+01	2.494310885667800903e-01
2.734322998046875000e+03	2.003790092468261719e+01	2.838993072509765625e-01
2.734329101562500000e+03	1.973600006103515625e+01	2.424686700105667114e-01
2.734335205078125000e+03	2.032169914245605469e+01	3.321819603443145752e-01
2.734341308593750000e+03	2.007290077209472656e+01	2.904705405235290527e-01
2.781121093750000000e+03	2.008279991149902344e+01	3.000519871711730957e-01
2.781136474609375000e+03	2.037350082397460938e+01	3.509976267814636230e-01
2.966489501953125000e+03	1.968280029296875000e+01	2.426602542400360107e-01
2.966498535156250000e+03	2.108320045471191406e+01	5.237621068954467773e-01
2.978447265625000000e+03	1.955940055847167969e+01	2.590825259685516357e-01
2.996449218750000000e+03	1.998080062866210938e+01	2.755139172077178955e-01
2.996457763671875000e+03	1.913069915771484375e+01	1.797626167535781860e-01
2.996466308593750000e+03	1.984420013427734375e+01	2.565159499645233154e-01
3.006458007812500000e+03	2.010429954528808594e+01	2.514820396900177002e-01
3.006474609375000000e+03	2.033069992065429688e+01	2.828965485095977783e-01
3.006482910156250000e+03	1.974839973449707031e+01	2.104986011981964111e-01
3.019380126953125000e+03	2.022789955139160156e+01	2.700240314006805420e-01
3.019391113281250000e+03	1.952499961853027344e+01	1.898563653230667114e-01
3.046416259765625000e+03	1.942900085449218750e+01	2.078062146902084351e-01
3.060286621093750000e+03	1.982859992980957031e+01	2.539928555488586426e-01
3.060296875000000000e+03	2.071299934387207031e+01	4.115193188190460205e-01
3.081267089843750000e+03	2.059510040283203125e+01	3.933054506778717041e-01
3.081272216796875000e+03	2.025970077514648438e+01	3.259971141815185547e-01
3.081282958984375000e+03	1.960199928283691406e+01	2.293690145015716553e-01
3.089251464843750000e+03	1.895849990844726562e+01	1.957087963819503784e-01
3.117192626953125000e+03	2.014500045776367188e+01	3.038294315338134766e-01
3.117205078125000000e+03	1.984760093688964844e+01	2.589490413665771484e-01
2.698272460937500000e+03	2.033620071411132812e+01	3.326663672924041748e-01
2.698277587890625000e+03	1.978089904785156250e+01	2.463613450527191162e-01
2.698282714843750000e+03	2.031200027465820312e+01	3.256051242351531982e-01
2.698287841796875000e+03	1.965509986877441406e+01	2.304602861404418945e-01
2.706289550781250000e+03	2.021059989929199219e+01	2.611101269721984863e-01
2.706311279296875000e+03	2.023460006713867188e+01	2.640302479267120361e-01
3.136164794921875000e+03	2.041850090026855469e+01	3.538566827774047852e-01
3.136175048828125000e+03	1.970439910888671875e+01	2.413557767868041992e-01
3.147176025390625000e+03	2.013069915771484375e+01	3.139102756977081299e-01
3.348436279296875000e+03	1.891180038452148438e+01	1.675159335136413574e-01
3.348446289062500000e+03	2.005629920959472656e+01	2.940490245819091797e-01
3.348451416015625000e+03	1.997080039978027344e+01	2.795720398426055908e-01
3.359407226562500000e+03	1.951329994201660156e+01	2.247031033039093018e-01
3.359425537109375000e+03	1.966710090637207031e+01	2.409524917602539062e-01
3.384465576171875000e+03	1.945359992980957031e+01	2.107633650302886963e-01
3.384473144531250000e+03	1.970269966125488281e+01	2.407917529344558716e-01
3.384480712890625000e+03	1.980130004882812500e+01	2.519106566905975342e-01
3.391370605468750000e+03	1.925880050659179688e+01	1.936930418014526367e-01
3.391380615234375000e+03	2.003350067138671875e+01	2.867003381252288818e-01
3.407386474609375000e+03	2.024040031433105469e+01	3.177948892116546631e-01
3.407394042968750000e+03	1.988019943237304688e+01	2.624538242816925049e-01
3.407401611328125000e+03	2.019619941711425781e+01	3.096502721309661865e-01
3.407409179687500000e+03	2.030019950866699219e+01	3.280442059040069580e-01
3.415291992187500000e+03	1.915609931945800781e+01	1.854690462350845337e-01
3.415301269531250000e+03	1.990900039672851562e+01	2.690841257572174072e-01
3.415310546875000000e+03	1.942180061340332031e+01	2.092941403388977051e-01
3.415319824218750000e+03	1.936549949645996094e+01	2.034418880939483643e-01
3.429328125000000000e+03	1.971080017089843750e+01	2.454483658075332642e-01
3.436187011718750000e+03	1.935490036010742188e+01	2.073008716106414795e-01
3.436192138671875000e+03	2.002689933776855469e+01	2.924587130546569824e-01
3.436197265625000000e+03	1.989999961853027344e+01	2.737653851509094238e-01
3.443230468750000000e+03	2.012689971923828125e+01	3.033497035503387451e-01
3.443235595703125000e+03	1.817840003967285156e+01	1.215490326285362244e-01
3.457163574218750000e+03	1.918140029907226562e+01	1.911591887474060059e-01
3.457171142578125000e+03	1.880520057678222656e+01	1.598165929317474365e-01
3.465296630859375000e+03	1.940740013122558594e+01	2.109227329492568970e-01
3.465300537109375000e+03	1.854199981689453125e+01	1.416654884815216064e-01
3.465304687500000000e+03	1.994799995422363281e+01	2.796977758407592773e-01
3.465308593750000000e+03	1.971940040588378906e+01	2.469950467348098755e-01
3.473165771484375000e+03	1.980120086669921875e+01	2.596858441829681396e-01
3.473170898437500000e+03	1.860330009460449219e+01	1.465904563665390015e-01
3.473173828125000000e+03	1.975979995727539062e+01	2.525577545166015625e-01
3.490207031250000000e+03	1.961389923095703125e+01	2.151671200990676880e-01
3.490214843750000000e+03	1.954190063476562500e+01	2.071165740489959717e-01
3.490222900390625000e+03	2.022159957885742188e+01	2.940490245819091797e-01
3.497134521484375000e+03	2.009280014038085938e+01	3.081927001476287842e-01
3.497139648437500000e+03	2.007309913635253906e+01	3.083041012287139893e-01
3.497144531250000000e+03	1.986289978027343750e+01	2.804980576038360596e-01
3.497149658203125000e+03	2.007010078430175781e+01	3.122785687446594238e-01
3.522150390625000000e+03	1.984370040893554688e+01	2.722814679145812988e-01
3.522155517578125000e+03	1.966769981384277344e+01	2.467352151870727539e-01
3.522160400390625000e+03	2.027860069274902344e+01	3.424959182739257812e-01
3.522165283203125000e+03	2.021150016784667969e+01	3.317683637142181396e-01
3.704506591796875000e+03	1.936549949645996094e+01	2.027347832918167114e-01
3.704509521484375000e+03	1.994669914245605469e+01	2.723977565765380859e-01
3.704512695312500000e+03	1.969569969177246094e+01	2.390973716974258423e-01
3.711472412109375000e+03	1.995450019836425781e+01	2.734902203083038330e-01
3.711479980468750000e+03	2.010320091247558594e+01	2.960109412670135498e-01
3.711487548828125000e+03	2.008600044250488281e+01	2.933230102062225342e-01
3.729505615234375000e+03	1.985969924926757812e+01	2.602256834506988525e-01
3.729510742187500000e+03	1.986660003662109375e+01	2.611785233020782471e-01
3.729515625000000000e+03	1.952099990844726562e+01	2.188910841941833496e-01
3.729520751953125000e+03	1.977120018005371094e+01	2.485422044992446899e-01
3.736455810546875000e+03	1.945400047302246094e+01	2.117253243923187256e-01
3.736460937500000000e+03	1.990760040283203125e+01	2.668310105800628662e-01
3.736470947265625000e+03	2.037999916076660156e+01	3.440884351730346680e-01
3.770419677734375000e+03	1.946890068054199219e+01	2.133048176765441895e-01
3.770424804687500000e+03	1.973800086975097656e+01	2.443214654922485352e-01
3.770429687500000000e+03	2.004999923706054688e+01	2.876977622509002686e-01
3.770434814453125000e+03	2.003160095214843750e+01	2.849125564098358154e-01
3.788354736328125000e+03	1.998310089111328125e+01	2.776646316051483154e-01
3.788359863281250000e+03	1.967169952392578125e+01	2.361927628517150879e-01
3.788369873046875000e+03	1.966510009765625000e+01	2.353897094726562500e-01
3.842206298828125000e+03	2.031170082092285156e+01	3.208789527416229248e-01
3.842210693359375000e+03	2.016180038452148438e+01	2.963085472583770752e-01
3.842215332031250000e+03	1.996080017089843750e+01	2.658154368400573730e-01
3.842219726562500000e+03	1.943079948425292969e+01	2.029853016138076782e-01
3.849152587890625000e+03	1.962739944458007812e+01	2.251369059085845947e-01
3.849157714843750000e+03	1.974699974060058594e+01	2.391759902238845825e-01
3.849162841796875000e+03	1.947120094299316406e+01	2.081113010644912720e-01
3.874140869140625000e+03	1.971689987182617188e+01	2.388881295919418335e-01
3.874145751953125000e+03	1.963209915161132812e+01	2.288407832384109497e-01
3.874150878906250000e+03	2.044000053405761719e+01	3.522965013980865479e-01
3.874156005859375000e+03	1.937389945983886719e+01	2.014356702566146851e-01
3.880155761718750000e+03	1.983259963989257812e+01	2.530541419982910156e-01
3.880160888671875000e+03	2.068499946594238281e+01	4.029563963413238525e-01
3.886167724609375000e+03	2.018280029296875000e+01	3.151503205299377441e-01
3.886172607421875000e+03	1.942790031433105469e+01	2.131396830081939697e-01
3.886177734375000000e+03	1.984070014953613281e+01	2.641009688377380371e-01
3.920159423828125000e+03	1.961370086669921875e+01	2.039814293384552002e-01
4.077475097656250000e+03	1.922030067443847656e+01	1.862699687480926514e-01
4.077490478515625000e+03	1.897459983825683594e+01	1.653574109077453613e-01
4.097382812500000000e+03	1.977829933166503906e+01	2.477211952209472656e-01
4.097387695312500000e+03	2.004980087280273438e+01	2.854900062084197998e-01
4.097392089843750000e+03	1.954220008850097656e+01	2.190107405185699463e-01
4.113349609375000000e+03	1.970170021057128906e+01	2.388098090887069702e-01
4.113354492187500000e+03	1.954070091247558594e+01	2.197330147027969360e-01
4.113359375000000000e+03	1.982550048828125000e+01	2.538670897483825684e-01
4.124512695312500000e+03	1.939550018310546875e+01	2.008718550205230713e-01
4.124519042968750000e+03	2.045940017700195312e+01	3.494726717472076416e-01
4.124531250000000000e+03	1.997660064697265625e+01	2.699862420558929443e-01
4.140361328125000000e+03	1.930590057373046875e+01	1.924521028995513916e-01
4.140373046875000000e+03	2.020100021362304688e+01	3.038294315338134766e-01
4.140379394531250000e+03	2.022690010070800781e+01	3.081370294094085693e-01
4.158404296875000000e+03	2.072389984130859375e+01	3.447006642818450928e-01
4.158418945312500000e+03	2.003689956665039062e+01	2.395702451467514038e-01
4.176235351562500000e+03	2.035810089111328125e+01	3.346243500709533691e-01
4.176244140625000000e+03	2.031209945678710938e+01	3.282442688941955566e-01
4.176249023437500000e+03	2.005839920043945312e+01	2.943408787250518799e-01
4.183272949218750000e+03	1.990600013732910156e+01	3.025549948215484619e-01
4.196324218750000000e+03	2.080529975891113281e+01	4.345940947532653809e-01
4.203242187500000000e+03	2.051659965515136719e+01	3.788595795631408691e-01
4.203246582031250000e+03	1.987070083618164062e+01	2.960109412670135498e-01
4.213165039062500000e+03	2.004269981384277344e+01	2.851342558860778809e-01
4.213172363281250000e+03	2.005069923400878906e+01	2.861157059669494629e-01
4.213179199218750000e+03	2.049990081787109375e+01	3.651711046695709229e-01
4.231111328125000000e+03	1.970840072631835938e+01	2.370808422565460205e-01
4.231117675781250000e+03	1.982579994201660156e+01	2.520950138568878174e-01
4.231123535156250000e+03	2.018250083923339844e+01	3.037760257720947266e-01
4.231129882812500000e+03	2.023789978027343750e+01	3.132663369178771973e-01
1.517476440429687500e+03	2.032010078430175781e+01	1.521691530942916870e-01
4.594500000000000000e+03	1.976079940795898438e+01	1.067979782819747925e-01
4.594500000000000000e+03	1.999370002746582031e+01	1.171448752284049988e-01
4.979500000000000000e+03	2.003619956970214844e+01	1.154625788331031799e-01
4.904500000000000000e+03	1.969930076599121094e+01	9.912620484828948975e-02
4.824500000000000000e+03	1.972949981689453125e+01	9.857489168643951416e-02
4.854500000000000000e+03	1.973279953002929688e+01	1.062332168221473694e-01
4.594500000000000000e+03	1.980599975585937500e+01	1.088904738426208496e-01
4.904500000000000000e+03	1.979509925842285156e+01	1.193283647298812866e-01
4.946500000000000000e+03	1.952960014343261719e+01	1.194873675704002380e-01
4.979500000000000000e+03	2.006859970092773438e+01	1.160044372081756592e-01
4.884500000000000000e+03	1.972389984130859375e+01	1.021146997809410095e-01
