4.313306884765625000e+02 2.018499946594238281e+01 1.538112461566925049e-01
4.313405761718750568e+02 2.021150016784667969e+01 1.458421945571899414e-01
4.313504638671875000e+02 2.023100090026855469e+01 1.620106846094131470e-01
4.313604431152343750e+02 2.043090057373046875e+01 1.509319245815277100e-01
4.513498229980468750e+02 2.046699905395508168e+01 4.722802937030792236e-01
4.562619628906249432e+02 2.050690078735351562e+01 1.524364948272705078e-01
4.562699584960937500e+02 2.050690078735351562e+01 1.547003835439682007e-01
4.562780151367188068e+02 2.050690078735351562e+01 1.568901687860488892e-01
4.562860412597656250e+02 2.048010063171386719e+01 1.451625972986221313e-01
4.842001342773437500e+02 2.041780090332031250e+01 1.538235545158386230e-01
4.842090148925780682e+02 2.041780090332031250e+01 1.531698554754257202e-01
4.842178039550780682e+02 2.031929969787597656e+01 1.419171690940856934e-01
4.842269592285156250e+02 2.031929969787597656e+01 1.432342529296875000e-01
5.101477050781249432e+02 2.043090057373046875e+01 1.730598211288451871e-01
5.101528930664063068e+02 2.050970077514648438e+01 1.791234612464904785e-01
5.101581115722656250e+02 2.057629966735839844e+01 1.852123439311980924e-01
5.101632995605468750e+02 2.060969924926757457e+01 1.931962221860885620e-01
5.121011962890625000e+02 2.064119911193848012e+01 1.849568039178847989e-01
5.121066284179687500e+02 2.064119911193848012e+01 2.327882498502731601e-01
5.121175537109375000e+02 2.064119911193848012e+01 2.645620405673980713e-01
7.264672241210937500e+02 2.045940017700195668e+01 3.693919181823729359e-01
7.554459838867187500e+02 2.028170013427734375e+01 1.717054247856140137e-01
7.554583740234373863e+02 2.028170013427734375e+01 1.831104755401611606e-01
7.554647216796875000e+02 2.033230018615722301e+01 1.856095641851424893e-01
7.763083496093750000e+02 2.075510025024414062e+01 2.025943100452423096e-01
7.763151855468750000e+02 2.075510025024414062e+01 3.460119962692260742e-01
7.763220214843750000e+02 2.084239959716796875e+01 1.993582993745804111e-01
7.872927856445312500e+02 2.084239959716796875e+01 2.111714035272598267e-01
7.873024902343750000e+02 2.084239959716796875e+01 2.369533479213714322e-01
7.873122558593750000e+02 2.067040061950683594e+01 1.939362436532974521e-01
7.873220825195312500e+02 2.063969993591308238e+01 1.933837234973907471e-01
8.032929077148436363e+02 2.063969993591308238e+01 1.861988455057143887e-01
8.372131347656250000e+02 2.060099983215332031e+01 3.110135495662688654e-01
8.901219482421875000e+02 2.068589973449707031e+01 1.835154891014099121e-01
8.901292724609373863e+02 2.068589973449707031e+01 1.992399692535400391e-01
8.901365966796875000e+02 2.082740020751952770e+01 2.290929406881332397e-01
8.901439819335937500e+02 2.082740020751952770e+01 2.133967280387878418e-01
8.951135253906250000e+02 2.053429985046386719e+01 3.316307961940765381e-01
1.109390136718750000e+03 2.021120071411132812e+01 1.732456535100936890e-01
1.109395751953125000e+03 2.018449974060058238e+01 1.718954145908355713e-01
1.109401367187500000e+03 2.016360092163085582e+01 1.737413853406906128e-01
1.109406982421875000e+03 2.018449974060058238e+01 1.755199134349822720e-01
1.131427368164062500e+03 2.048900032043456676e+01 1.754615753889083862e-01
1.131432983398437500e+03 2.048900032043456676e+01 1.648757904767990112e-01
1.131438476562500000e+03 2.048900032043456676e+01 1.603054851293563843e-01
1.131443969726562500e+03 2.042659950256348012e+01 1.872632354497909268e-01
1.156270141601562500e+03 2.015979957580566406e+01 1.611683368682861328e-01
1.160319702148437500e+03 2.015929985046386719e+01 1.437796950340270719e-01
1.160324218750000000e+03 2.015929985046386719e+01 1.647424250841140747e-01
1.160328613281250000e+03 2.005540084838867188e+01 1.476652026176452637e-01
1.160333129882812500e+03 2.005540084838867188e+01 1.576292365789413452e-01
1.162322875976562500e+03 2.021380043029784801e+01 5.491012930870056152e-01
1.227163208007812500e+03 2.052700042724609375e+01 1.655801236629486084e-01
1.227169189453125000e+03 2.052700042724609375e+01 1.696530282497406006e-01
1.227175170898437500e+03 2.052700042724609375e+01 1.742514371871948242e-01
1.227181030273437500e+03 2.044090080261230469e+01 1.637578159570693970e-01
1.256112915039062500e+03 2.040649986267089488e+01 1.524245887994766235e-01
1.256118530273437500e+03 2.026409912109375355e+01 1.628610342741012296e-01
1.256124023437500000e+03 2.026409912109375355e+01 1.534313708543777466e-01
1.256129516601562500e+03 2.023040008544921520e+01 1.505028009414672852e-01
1.286124877929687500e+03 2.021089935302734375e+01 1.525259912014007568e-01
1.286129150390625000e+03 2.021089935302734375e+01 1.373489946126937866e-01
1.286133544921875000e+03 2.009569931030273082e+01 1.709258854389190674e-01
1.286137817382812500e+03 2.009569931030273082e+01 1.459897160530090332e-01
1.469460327148437500e+03 2.002050018310546875e+01 1.687257438898086270e-01
1.469464233398437500e+03 2.000970077514648438e+01 1.667829453945159912e-01
1.469468139648437500e+03 1.990859985351562500e+01 1.588543057441711426e-01
1.469472167968750000e+03 1.990859985351562500e+01 1.577771902084350308e-01
1.484407958984375000e+03 1.990519905090332031e+01 1.533399671316146851e-01
1.484416503906250000e+03 2.023250007629394531e+01 1.521395593881607056e-01
1.484421508789062500e+03 1.990519905090332031e+01 3.230258524417876642e-01
1.484425170898437500e+03 2.017239952087402344e+01 1.474955528974533081e-01
1.484433715820312500e+03 2.017239952087402344e+01 1.498252600431442261e-01
1.528324707031250000e+03 2.033419990539550781e+01 3.707039356231689453e-01
1.539184936523437500e+03 2.033419990539550781e+01 2.837679088115692139e-01
1.539192138671875000e+03 2.033419990539550781e+01 2.808370292186737061e-01
1.539206542968750000e+03 2.027669906616210938e+01 3.126842081546783447e-01
1.542197265625000000e+03 1.991379928588867188e+01 1.546501517295837402e-01
1.542203491210937500e+03 1.991379928588867188e+01 1.380916386842727661e-01
1.542209106445312500e+03 2.004190063476562500e+01 1.650962531566619873e-01
1.542214721679687500e+03 2.032390022277832031e+01 1.449932605028152466e-01
1.572219604492187500e+03 2.004190063476562500e+01 1.605626344680786133e-01
1.572224487304687500e+03 2.023430061340332031e+01 1.454933881759643555e-01
1.572229492187500000e+03 2.015740013122558238e+01 1.536270081996917725e-01
1.572234252929687500e+03 2.023430061340332031e+01 1.478142440319061279e-01
1.584216064453125000e+03 2.027029991149902344e+01 3.234090209007263184e-01
1.584223999023437500e+03 2.039049911499023438e+01 4.086505770683288574e-01
1.600178344726562500e+03 2.039049911499023438e+01 3.487568199634552002e-01
1.600217163085937500e+03 2.031469917297363281e+01 1.595846116542815885e-01
1.600222290039062500e+03 2.025810050964355469e+01 1.522996425628662109e-01
1.600227416992187500e+03 2.025810050964355469e+01 1.574015468358993530e-01
1.600232666015625000e+03 2.025810050964355469e+01 1.647502630949020386e-01
1.793429565429687500e+03 2.005870056152344105e+01 3.981646895408630371e-01
1.841443481445312500e+03 1.998679924011230469e+01 1.467303931713104248e-01
1.841450561523437273e+03 1.998019981384277344e+01 1.479691863059997559e-01
1.841457397460937273e+03 1.998679924011230469e+01 1.477982550859451294e-01
1.841464355468750000e+03 2.006819915771484375e+01 1.511857360601425171e-01
1.852331298828124773e+03 2.036249923706054332e+01 3.601244091987609863e-01
1.869302978515624773e+03 2.025489997863769176e+01 3.346948921680450439e-01
1.876322387695312500e+03 2.039229965209960938e+01 3.609082102775573730e-01
1.876330444335937273e+03 2.039229965209960938e+01 3.597775995731353760e-01
1.876338500976562500e+03 2.018849945068359730e+01 3.215061426162719727e-01
1.878363525390624773e+03 2.008069992065429688e+01 1.441330313682555875e-01
1.878369628906250000e+03 2.008069992065429688e+01 1.528978943824768066e-01
1.878375854492187500e+03 2.010610008239746094e+01 1.604839116334915161e-01
1.878381958007812500e+03 2.010610008239746094e+01 1.537743359804153442e-01
1.880255371093750000e+03 1.999379920959472656e+01 2.993332147598266602e-01
1.880262451171875227e+03 1.993339920043945312e+01 2.235447019338608066e-01
1.894274780273437273e+03 1.993339920043945312e+01 2.517879605293273371e-01
1.901274780273437273e+03 2.004490089416503906e+01 3.095374405384064276e-01
1.903295776367187500e+03 2.004490089416503906e+01 1.497245728969573975e-01
1.903303344726562500e+03 1.995599937438964844e+01 1.432010084390640259e-01
1.903310791015624773e+03 1.995599937438964844e+01 1.428042948246001920e-01
1.903318481445312500e+03 2.001499938964844105e+01 1.475273072719573975e-01
1.909213745117187500e+03 2.037660026550292969e+01 4.898334145545960028e-01
1.909227172851562500e+03 2.037660026550292969e+01 3.546025753021240234e-01
1.910331542968750000e+03 1.988059997558593750e+01 1.470483094453811646e-01
1.910337524414062500e+03 1.988059997558593750e+01 1.392110586166381836e-01
1.910343627929687500e+03 1.993580055236816406e+01 1.441135853528976440e-01
1.910349365234375227e+03 1.993869972229003906e+01 1.430825144052505493e-01
1.927259521484375227e+03 1.993869972229003906e+01 2.712797820568084717e-01
1.927266845703124773e+03 1.997750091552734375e+01 2.781997919082641602e-01
1.927281372070312500e+03 1.997750091552734375e+01 2.966070175170898438e-01
1.935196777343750000e+03 1.992670059204101207e+01 1.374425292015075684e-01
1.935204345703124773e+03 1.992670059204101207e+01 1.428183913230895996e-01
1.935211914062500000e+03 1.992670059204101207e+01 1.684035807847976685e-01
1.935219360351562500e+03 1.991189956665039062e+01 1.435586810111999512e-01
1.940126220703124773e+03 1.991189956665039062e+01 2.650255262851715088e-01
1.953163574218750000e+03 2.026160049438476562e+01 3.256703615188598633e-01
1.953168701171875227e+03 2.026160049438476562e+01 3.595180809497832697e-01
1.959166381835937273e+03 2.023950004577636719e+01 2.496398836374282837e-01
1.959169555664062500e+03 2.005489921569823863e+01 3.317683637142181396e-01
1.959172729492187500e+03 2.005489921569823863e+01 2.979610264301300049e-01
1.959175903320312500e+03 1.992239952087402344e+01 2.771325111389160156e-01
2.200457519531250000e+03 1.992239952087402344e+01 2.847355604171752930e-01
2.233319335937500000e+03 2.005669975280761719e+01 5.412644743919372559e-01
2.233333251953125000e+03 2.005669975280761719e+01 3.039898276329040527e-01
2.254308837890625000e+03 1.984379959106445312e+01 1.449684202671051025e-01
2.254316162109375000e+03 1.984379959106445312e+01 1.462555974721908292e-01
2.254323730468750000e+03 1.993420028686523438e+01 1.452025622129440308e-01
2.254331054687500000e+03 2.010460090637207031e+01 1.483024209737777710e-01
2.260224853515625000e+03 2.050959968566894531e+01 4.500992894172669012e-01
2.260244628906250000e+03 2.050959968566894531e+01 3.897944092750548761e-01
2.265228759765625000e+03 2.025009918212890270e+01 1.566859334707260132e-01
2.265235595703125000e+03 2.022550010681152344e+01 1.424348801374435425e-01
2.265242675781250000e+03 2.014480018615722301e+01 1.546564400196075439e-01
2.265249755859375000e+03 2.022550010681152344e+01 1.483348160982131958e-01
2.279239257812500000e+03 2.019160079956054332e+01 1.766707003116607666e-01
2.279243896484375000e+03 2.019160079956054332e+01 1.659643352031707486e-01
2.279248535156250000e+03 2.014800071716308238e+01 1.624712347984313965e-01
2.279253173828125000e+03 2.001799964904784801e+01 1.542069315910339078e-01
2.283294433593750000e+03 2.001799964904784801e+01 2.595849931240081787e-01
2.283299560546875000e+03 2.040649986267089488e+01 4.492959082126617432e-01
2.289162109375000000e+03 2.040649986267089488e+01 3.739453852176665705e-01
2.294172607421875000e+03 1.998920059204101207e+01 1.646016240119934082e-01
2.294185302734375000e+03 1.985429954528808238e+01 1.470326185226440430e-01
2.294190429687500000e+03 1.987299919128417613e+01 1.501118689775466919e-01
2.296122802734375000e+03 2.044280052185058238e+01 5.024173259735107422e-01
2.309186279296875000e+03 2.044280052185058238e+01 3.804706335067749023e-01
2.309190917968750000e+03 2.044280052185058238e+01 3.024494946002960205e-01
2.375130126953125000e+03 1.998240089416503906e+01 1.292416155338287076e-01
2.375135498046875000e+03 1.998240089416503906e+01 1.435203701257705688e-01
2.375140625000000000e+03 1.998240089416503906e+01 1.525080800056457520e-01
2.375145751953125000e+03 1.983040046691894531e+01 1.345039010047912320e-01
2.577342773437500000e+03 1.983040046691894531e+01 2.299242615699768066e-01
2.584451171875000000e+03 1.993759918212890270e+01 3.010875582695007324e-01
2.634270996093750000e+03 1.993759918212890270e+01 1.366810053586959839e-01
2.634279052734375000e+03 1.978000068664550781e+01 1.412436515092849731e-01
2.634287109375000000e+03 1.978000068664550781e+01 1.340752094984054288e-01
2.634295166015625000e+03 1.982530021667480469e+01 1.350253373384475708e-01
2.639168457031250000e+03 2.025790023803710938e+01 3.447006642818450928e-01
2.645188720703125000e+03 2.025790023803710938e+01 3.364005982875823975e-01
2.671189941406250000e+03 2.001959991455078125e+01 2.070496678352355957e-01
2.676177001953125000e+03 2.012540054321288707e+01 3.226439654827117365e-01
2.676182128906250000e+03 2.012540054321288707e+01 5.223110318183898926e-01
2.691203857421875000e+03 2.033819961547851562e+01 3.760855197906494141e-01
2.697159912109375000e+03 2.033819961547851562e+01 3.581429421901702881e-01
2.697164550781250000e+03 2.033819961547851562e+01 3.064257204532623291e-01
2.719144042968750000e+03 2.026819992065429688e+01 3.394460976123809814e-01
2.719152832031250000e+03 2.030809974670410156e+01 3.483609259128570557e-01
2.719169677734375000e+03 2.026819992065429688e+01 3.593453764915466309e-01
