9.971687622070312500e+02 2.003359985351562500e+01 2.915070056915283203e-01
1.613220825195312500e+03 2.053440093994140625e+01 5.657265782356262207e-01
1.640220336914062500e+03 2.053440093994140625e+01 3.432516455650329035e-01
1.640231323242187500e+03 2.053440093994140625e+01 2.438750863075256348e-01
1.640236694335937500e+03 2.053100013732910156e+01 4.182155132293700617e-01
1.664163574218750000e+03 2.070910072326660156e+01 3.442412018775939941e-01
1.671185791015625000e+03 2.053100013732910156e+01 3.921988308429718573e-01
1.671199340820312500e+03 2.043079948425292969e+01 3.375515937805175781e-01
1.671206054687500000e+03 2.012590026855468750e+01 2.766845822334288996e-01
1.696206420898437500e+03 2.007049942016601207e+01 2.858917713165283203e-01
1.870455932617187500e+03 1.983810043334960938e+01 2.341515123844146729e-01
1.892472778320312500e+03 1.983810043334960938e+01 2.870166003704071045e-01
1.906434448242187500e+03 1.983810043334960938e+01 3.674481213092803955e-01
1.906439819335937273e+03 1.996980094909667969e+01 2.245087325572967529e-01
1.906445312500000000e+03 1.996980094909667969e+01 2.602256834506988525e-01
1.906450805664062500e+03 2.003470039367676137e+01 4.040297567844391424e-01
1.934335449218750000e+03 2.021179962158203125e+01 2.706687748432159424e-01
1.934340087890624773e+03 2.005039978027344105e+01 2.983150184154510498e-01
1.934344726562500000e+03 2.005039978027344105e+01 2.722814679145812988e-01
1.956354003906250000e+03 1.993589973449707031e+01 2.543713152408599854e-01
1.956360351562500000e+03 1.993589973449707031e+01 2.635367810726165771e-01
1.998176879882812500e+03 2.004570007324218750e+01 2.300404608249664307e-01
1.998182617187500000e+03 1.992090034484863281e+01 2.820760309696196955e-01
1.998188598632812500e+03 2.006060028076171875e+01 2.627320289611816406e-01
1.998194335937500000e+03 2.013969993591308238e+01 2.996406555175780695e-01
2.023281127929687500e+03 2.013969993591308238e+01 3.288465440273284912e-01
2.023285766601562500e+03 2.041090011596680043e+01 2.449957132339477262e-01
2.023290283203124773e+03 1.994230079650878906e+01 3.381313085556030273e-01
2.023294799804687500e+03 1.994230079650878906e+01 2.578884065151214600e-01
2.049230712890625000e+03 1.975049972534180043e+01 2.287492901086807251e-01
2.049235595703125000e+03 1.975049972534180043e+01 2.383674681186676025e-01
2.049240722656250000e+03 1.975049972534180043e+01 2.442655265331268311e-01
2.049245849609375000e+03 1.977820014953612926e+01 2.085373997688293179e-01
2.078180419921875000e+03 1.990710067749023438e+01 4.282832145690917414e-01
2.078193603515625000e+03 1.990710067749023438e+01 2.631159722805023193e-01
2.078199707031250000e+03 1.990710067749023438e+01 2.413018941879272461e-01
2.326269775390625000e+03 2.005330085754394531e+01 3.283778429031372070e-01
2.326276123046875000e+03 1.996489906311035156e+01 3.417448699474334717e-01
2.342322509765625000e+03 2.005330085754394531e+01 2.614870369434356689e-01
2.342327636718750000e+03 1.994280052185058238e+01 3.372628092765808105e-01
2.342332275390625000e+03 2.018470001220703125e+01 2.230992168188095093e-01
2.342337158203125000e+03 1.980550003051757457e+01 3.000004887580871582e-01
2.352232177734375000e+03 2.008749961853027699e+01 2.529919147491455078e-01
2.352238769531250000e+03 1.980550003051757457e+01 2.935160994529724121e-01
2.352245117187500000e+03 2.000110054016112926e+01 2.393860071897506714e-01
2.352251464843750000e+03 2.000110054016112926e+01 2.803290188312530518e-01
2.353271240234375000e+03 2.018429946899414062e+01 2.619000673294067383e-01
2.353276855468750000e+03 2.018429946899414062e+01 3.224535286426544189e-01
2.353287841796875000e+03 1.990430068969726562e+01 3.463225662708282471e-01
2.368168212890625000e+03 2.001269912719726562e+01 2.663580477237701416e-01
2.368173339843750000e+03 1.990430068969726562e+01 2.820760309696196955e-01
2.368178466796875000e+03 2.001269912719726562e+01 2.620381712913512628e-01
2.383299316406250000e+03 1.949699974060058238e+01 3.604721724987030584e-01
2.618490478515625000e+03 2.036380004882812500e+01 3.621370792388916016e-01
2.618499511718750000e+03 2.036380004882812500e+01 3.269830644130706787e-01
2.618503906250000000e+03 1.989010047912597656e+01 2.542134225368499756e-01
2.674354003906250000e+03 1.983069992065429688e+01 1.781736910343169888e-01
2.674359619140625000e+03 1.983069992065429688e+01 2.481599897146224698e-01
2.674365234375000000e+03 2.027890014648437145e+01 3.537741005420684814e-01
2.674370849609375000e+03 2.027890014648437145e+01 3.176732957363128662e-01
2.698292968750000000e+03 2.000040054321288707e+01 2.720879614353179932e-01
2.698298828125000000e+03 2.000040054321288707e+01 2.567756772041320801e-01
2.698304443359375000e+03 1.996299934387207031e+01 3.074160218238830566e-01
2.698310058593750000e+03 1.996299934387207031e+01 2.650612890720367432e-01
2.709398437500000000e+03 1.977589988708496094e+01 2.420053333044052124e-01
2.732335449218750000e+03 1.970969963073730469e+01 2.632560133934020996e-01
2.732342041015625000e+03 1.971489906311035156e+01 2.345702499151229581e-01
2.732348876953125000e+03 1.971489906311035156e+01 2.347433418035507202e-01
2.732355468750000000e+03 1.971489906311035156e+01 2.502995431423187256e-01
2.740118164062500000e+03 1.983029937744140625e+01 2.385493069887160700e-01
2.790152343750000000e+03 1.992900085449218750e+01 2.907991707324981689e-01
2.790157958984375000e+03 1.992900085449218750e+01 2.697221934795380194e-01
2.790163818359375000e+03 1.992900085449218750e+01 2.639595866203308105e-01
2.818190673828125000e+03 2.008510017395019531e+01 3.040433526039123535e-01
2.818197265625000000e+03 2.020459938049316406e+01 2.843825817108154297e-01
2.818204101562500000e+03 2.008510017395019531e+01 3.140277564525604248e-01
2.838169921875000000e+03 2.033359909057616832e+01 3.288465440273284912e-01
2.838175781250000000e+03 2.042130088806152344e+01 3.459344506263732910e-01
3.023487304687500000e+03 2.042130088806152344e+01 2.935160994529724121e-01
3.023493652343750000e+03 2.013220024108886719e+01 2.219038307666778287e-01
3.023500244140625000e+03 2.013220024108886719e+01 2.481306642293930054e-01
3.023506591796875000e+03 2.027770042419433238e+01 2.961596250534057617e-01
3.058470947265625000e+03 2.032710075378417613e+01 2.704406976699828546e-01
3.058477783203125000e+03 2.030909919738769176e+01 2.764411866664886475e-01
3.058484619140625000e+03 2.030909919738769176e+01 2.748344242572784424e-01
3.058491699218750000e+03 2.030909919738769176e+01 2.490150779485702515e-01
3.074528076171875000e+03 2.035129928588867188e+01 3.663502037525177002e-01
3.085356201171875000e+03 2.035129928588867188e+01 2.812198400497436523e-01
3.085362060546875000e+03 2.009329986572265625e+01 2.021282911300659180e-01
3.085367675781250000e+03 1.983620071411132812e+01 2.447703331708908081e-01
3.085373291015625000e+03 2.009329986572265625e+01 2.154319435358047485e-01
3.091207763671875000e+03 2.010040092468261719e+01 3.700462877750396729e-01
3.091214111328125000e+03 2.010040092468261719e+01 2.885214388370513361e-01
3.091226562500000000e+03 2.010040092468261719e+01 2.570362091064452570e-01
3.145270996093750000e+03 2.024530029296875355e+01 3.925299048423767090e-01
3.145275634765625000e+03 2.056509971618652344e+01 3.351898491382598877e-01
3.340474853515625000e+03 2.027389907836914062e+01 4.451805651187896729e-01
3.390334472656250000e+03 2.027389907836914062e+01 3.269830644130706787e-01
3.401522949218750000e+03 2.006060028076171875e+01 2.854454517364501398e-01
3.402465820312500000e+03 2.006060028076171875e+01 1.973055005073547641e-01
3.402472167968750000e+03 2.031110000610351562e+01 2.690841257572174072e-01
3.402478515625000000e+03 2.031110000610351562e+01 2.433758676052093228e-01
3.402484619140625000e+03 2.010250091552734375e+01 2.191906124353408813e-01
3.412301757812500000e+03 2.010250091552734375e+01 2.518799602985382080e-01
3.709409667968750455e+03 2.003470039367676137e+01 2.386794537305831909e-01
3.709414062500000000e+03 1.988279914855956676e+01 2.854009270668029785e-01
3.709418457031249545e+03 1.988279914855956676e+01 2.633962929248809814e-01
3.730472656250000000e+03 1.984259986877441051e+01 2.579213678836822510e-01
3.730477050781249545e+03 1.976849937438964844e+01 2.481893301010132113e-01
3.730481689453125000e+03 1.976849937438964844e+01 2.423867136240005216e-01
3.730486083984375000e+03 2.016729927062987926e+01 3.064257204532623291e-01
3.738398681640625000e+03 2.016729927062987926e+01 3.137342631816864014e-01
3.738406982421875000e+03 2.011050033569335938e+01 2.754337191581726074e-01
3.738415283203125000e+03 1.996800041198730469e+01 2.971564829349517822e-01
3.738423828125000000e+03 2.011050033569335938e+01 2.200361788272857666e-01
3.743306396484375000e+03 2.010009956359863281e+01 4.242589771747588556e-01
3.769341064453125000e+03 2.010009956359863281e+01 2.955168783664703369e-01
3.769343994140625000e+03 1.991530036926269176e+01 2.679320573806762140e-01
3.769347167968750455e+03 1.970730018615722301e+01 2.405245900154113492e-01
3.769350097656249545e+03 1.970730018615722301e+01 2.363190203905105313e-01
3.789327880859375000e+03 1.967289924621582031e+01 2.825070023536682129e-01
3.789331787109375000e+03 1.975079917907714844e+01 2.020664066076278409e-01
3.789335937500000000e+03 1.975079917907714844e+01 2.459321022033691684e-01
3.789339843750000000e+03 2.011590003967284801e+01 3.634668588638305664e-01
3.796292236328125000e+03 2.011590003967284801e+01 2.980620563030242920e-01
3.796302490234375000e+03 2.010799980163574574e+01 2.968064844608306885e-01
3.796307617187500000e+03 2.010799980163574574e+01 2.865200638771056574e-01
3.811288818359375000e+03 2.004220008850097656e+01 3.438596427440643866e-01
3.811292968750000000e+03 1.983049964904784801e+01 2.358655184507369718e-01
3.811297119140625000e+03 1.978599929809570312e+01 2.562893331050872803e-01
3.811301025390625000e+03 1.978599929809570312e+01 2.504502236843108576e-01
3.817326171875000000e+03 1.978599929809570312e+01 2.216339856386184692e-01
3.817331542968750455e+03 1.989220046997070312e+01 2.646687924861907959e-01
3.817337158203125000e+03 1.989220046997070312e+01 2.953691482543945312e-01
3.817342773437500000e+03 1.983740043640136719e+01 1.951259225606918335e-01
3.824315429687500000e+03 1.983740043640136719e+01 2.571994364261627197e-01
3.824327636718750455e+03 1.960350036621093750e+01 2.281574010848999301e-01
3.857139404296875000e+03 1.964030075073241832e+01 2.317341119050979892e-01
3.857144287109375000e+03 1.964030075073241832e+01 2.423594146966934482e-01
3.857149414062500000e+03 1.969070053100585582e+01 2.283390164375304898e-01
3.857154541015625000e+03 1.969070053100585582e+01 2.371063679456710815e-01
3.864232177734375000e+03 1.969070053100585582e+01 3.404047191143035889e-01
3.864236572265625000e+03 1.961490058898925426e+01 1.943847239017486295e-01
4.085515136718750455e+03 1.961490058898925426e+01 2.280441224575042725e-01
4.085519042968750455e+03 1.963249969482421520e+01 2.295305281877517700e-01
4.085523193359375000e+03 1.963249969482421520e+01 2.707449197769165039e-01
4.085527099609375000e+03 1.967690086364746094e+01 1.563454568386077881e-01
4.109438964843750000e+03 1.966990089416503906e+01 2.345949560403824130e-01
4.109445312500000000e+03 1.966990089416503906e+01 2.334668189287185669e-01
4.109451171875000000e+03 1.966990089416503906e+01 2.333695143461227695e-01
4.109457031250000000e+03 1.994020080566406250e+01 2.690093517303466797e-01
4.116477539062500000e+03 1.994020080566406250e+01 3.285115659236907959e-01
4.116481933593750000e+03 1.937120056152344105e+01 2.119229882955551147e-01
4.116486328125000000e+03 1.937120056152344105e+01 2.401520758867264072e-01
4.126359375000000000e+03 1.951829910278320312e+01 2.188711613416672030e-01
4.126363769531250000e+03 1.955319976806640625e+01 2.502694427967071533e-01
4.126368164062500000e+03 1.955319976806640625e+01 2.971564829349517822e-01
4.126372558593750000e+03 1.933460044860839844e+01 2.204424440860748013e-01
4.152351562500000000e+03 1.924090003967284801e+01 1.899448484182357511e-01
4.152357421875000000e+03 1.924090003967284801e+01 1.920179724693298340e-01
4.152363281250000000e+03 1.949379920959472656e+01 2.571014463901519775e-01
4.152369140625000000e+03 1.949379920959472656e+01 2.948781847953796387e-01
4.158371093750000000e+03 1.970789909362792969e+01 2.103929966688156128e-01
4.158376953125000000e+03 1.943479919433593750e+01 2.426876574754714688e-01
4.158383300781250000e+03 1.960880088806152344e+01 1.660125851631164273e-01
4.173304687500000000e+03 1.927630043029784801e+01 2.276827841997146329e-01
4.173310546875000000e+03 1.957859992980956676e+01 1.938280314207076749e-01
4.173316406250000000e+03 1.927630043029784801e+01 2.264319509267807284e-01
4.173322753906250000e+03 1.946360015869140625e+01 1.842543631792068481e-01
4.185360839843750000e+03 1.946360015869140625e+01 2.129384130239486417e-01
4.185367187500000000e+03 1.946360015869140625e+01 2.276602536439895907e-01
4.185373535156250000e+03 1.959169960021972656e+01 1.485297232866287231e-01
4.185379394531250000e+03 1.960610008239746094e+01 2.295305281877517700e-01
4.197247070312500000e+03 1.969659996032714844e+01 2.905174195766448975e-01
4.197252441406250000e+03 1.998049926757812500e+01 2.409524917602539062e-01
4.197258300781250000e+03 1.976810073852539062e+01 2.794046401977539062e-01
4.214194335937500000e+03 1.976810073852539062e+01 2.564511299133300781e-01
4.214199218750000000e+03 1.952580070495605113e+01 2.314491569995880127e-01
4.214204589843750000e+03 1.952580070495605113e+01 1.973914653062820435e-01
4.214209472656250000e+03 1.953739929199218750e+01 2.351155728101730347e-01
4.232196289062500000e+03 1.953739929199218750e+01 2.898165583610534668e-01
