4.504738159179688068e+02	2.114100074768066406e+01	5.240049958229064941e-01
4.504890441894531250e+02	2.051740074157714844e+01	1.547192484140396118e-01
4.504948425292968750e+02	2.050979995727539062e+01	1.578378528356552124e-01
4.505005187988280682e+02	2.050979995727539062e+01	1.590132862329483032e-01
4.505062561035156250e+02	2.041570091247558238e+01	1.553267985582351685e-01
4.773117675781249432e+02	2.084770011901855469e+01	4.376973211765288752e-01
4.773219909667968750e+02	2.091880035400390270e+01	4.553354084491729736e-01
4.773322448730468750e+02	2.091880035400390270e+01	4.673925340175628662e-01
4.804052734375000000e+02	2.020129966735839844e+01	1.285893172025680264e-01
4.804118041992188068e+02	2.020129966735839844e+01	1.434295326471328735e-01
4.804183044433593750e+02	2.020129966735839844e+01	1.513248234987258911e-01
4.804248046875000000e+02	2.034490013122558238e+01	1.362175047397613525e-01
4.933320312500000000e+02	2.099419975280761719e+01	2.443214654922485074e-01
5.082977600097656250e+02	2.018160057067871094e+01	1.246615350246429443e-01
5.083053894042968750e+02	2.018160057067871094e+01	1.248347237706184387e-01
5.083130493164063068e+02	2.028689956665039062e+01	1.312347948551177979e-01
5.083206787109375000e+02	2.033270072937012074e+01	1.291069090366363525e-01
5.222999267578125000e+02	2.028689956665039062e+01	1.644300967454910278e-01
5.223062744140625000e+02	2.040710067749023438e+01	8.461027592420578003e-02
5.223191528320312500e+02	2.043680000305176137e+01	1.321791112422943115e-01
5.951733398437500000e+02	2.038409996032714844e+01	1.642979830503463468e-01
5.951814575195312500e+02	2.043680000305176137e+01	1.651515364646911621e-01
5.951900024414063637e+02	2.048130035400390270e+01	1.684543043375015259e-01
5.951979370117187500e+02	2.062789916992187500e+01	1.793426424264907837e-01
6.351550903320312500e+02	2.114690017700195668e+01	2.837241590023040771e-01
6.351594848632812500e+02	2.114690017700195668e+01	3.176732957363128662e-01
7.574824829101561363e+02	2.132889938354491832e+01	2.792792916297912598e-01
7.574948730468750000e+02	2.132889938354491832e+01	3.075819909572601318e-01
7.575012207031250000e+02	2.121369934082031250e+01	2.401786297559737882e-01
7.824383544921875000e+02	2.121369934082031250e+01	2.360415607690811157e-01
7.824458007812498863e+02	2.121369934082031250e+01	3.064804971218108576e-01
7.824605102539062500e+02	2.107410049438476562e+01	2.631509602069854736e-01
7.914466552734373863e+02	2.071509933471680043e+01	1.685389727354049683e-01
7.914557495117187500e+02	2.071509933471680043e+01	1.821107715368270874e-01
7.914651489257811363e+02	2.071509933471680043e+01	1.911204606294631958e-01
7.914741210937501137e+02	2.070109939575195668e+01	1.799526959657669067e-01
8.053917846679686363e+02	2.066189956665039062e+01	1.779796481132507324e-01
8.054001464843750000e+02	2.061520004272460938e+01	1.741376519203186035e-01
8.054085693359373863e+02	2.039929962158203125e+01	1.577973961830139160e-01
8.054170532226561363e+02	2.039929962158203125e+01	1.481677293777465820e-01
8.173442993164062500e+02	2.034589958190917613e+01	3.692987263202667236e-01
8.184505615234373863e+02	2.046780014038085582e+01	1.533034592866897583e-01
8.184562988281250000e+02	2.046780014038085582e+01	1.620328575372695923e-01
8.184620361328125000e+02	2.054310035705566406e+01	1.689473837614059448e-01
8.184678955078125000e+02	2.056800079345703125e+01	1.671357005834579468e-01
8.323775024414062500e+02	2.065089988708496094e+01	2.232050299644470492e-01
8.753345947265626137e+02	2.065089988708496094e+01	1.989892870187759677e-01
8.753418579101561363e+02	2.051980018615722301e+01	1.944939494132995883e-01
8.753489990234373863e+02	2.040220069885253551e+01	1.878700852394104004e-01
8.753562011718750000e+02	2.029969978332519531e+01	1.837417781352996826e-01
8.883031616210937500e+02	2.029969978332519531e+01	1.537559032440185547e-01
8.883099365234373863e+02	2.034779930114746094e+01	1.559429019689559937e-01
8.883165893554686363e+02	2.049239921569823863e+01	1.683107018470763883e-01
8.883233642578125000e+02	2.066080093383788707e+01	1.855041384696960449e-01
9.071260375976561363e+02	2.090410041809082031e+01	2.422502934932708740e-01
9.071316528320312500e+02	2.123649978637695668e+01	2.042049169540404718e-01
9.071373291015623863e+02	2.095750045776367188e+01	3.031902611255645752e-01
9.071430664062498863e+02	2.095750045776367188e+01	2.089662998914718350e-01
9.192435302734376137e+02	2.087969970703124645e+01	1.696703732013702393e-01
9.192500610351561363e+02	2.087969970703124645e+01	1.750646829605102262e-01
9.192564697265623863e+02	2.102070045471191762e+01	1.868422627449035922e-01
9.192629394531250000e+02	2.102070045471191762e+01	2.171787619590759277e-01
9.481345214843750000e+02	2.059860038757323863e+01	1.609149873256683072e-01
9.481412963867187500e+02	2.052059936523437145e+01	1.543811857700347900e-01
9.481480102539062500e+02	2.051659965515136719e+01	1.570025533437728882e-01
9.481546630859376137e+02	2.052059936523437145e+01	1.458625197410583496e-01
9.561607666015623863e+02	2.096139907836914062e+01	2.026254832744598389e-01
9.561616210937501137e+02	2.103350067138671875e+01	4.607410132884979248e-01
9.561675415039062500e+02	2.096139907836914062e+01	1.911204606294631958e-01
9.561742553710936363e+02	2.085630035400390270e+01	1.732270419597625732e-01
9.561809692382812500e+02	2.081389999389648438e+01	1.767901629209518433e-01
1.163441650390625000e+03	2.045940017700195668e+01	1.520213633775711060e-01
1.163447265625000000e+03	2.045940017700195668e+01	1.523353159427642822e-01
1.163452880859375000e+03	2.045940017700195668e+01	1.639577299356460294e-01
1.163458496093750000e+03	2.062080001831054332e+01	1.492248028516769409e-01
1.190415039062500000e+03	2.081559944152832031e+01	1.797204762697219849e-01
1.190421630859375000e+03	2.085939979553222301e+01	1.755199134349822720e-01
1.190428222656250000e+03	2.083139991760253551e+01	1.955834180116653165e-01
1.190434814453125000e+03	2.083139991760253551e+01	1.775835454463958740e-01
1.199390136718750000e+03	2.015209960937500000e+01	2.161176949739455899e-01
1.215365844726562500e+03	2.015209960937500000e+01	2.854454517364501398e-01
1.215451416015625000e+03	2.031259918212890270e+01	1.675491482019424438e-01
1.215459716796875000e+03	2.057690048217773082e+01	1.426448673009872437e-01
1.215468139648437500e+03	2.049690055847167969e+01	1.595636010169982910e-01
1.215476440429687500e+03	2.057690048217773082e+01	1.544498354196548462e-01
1.226433471679687500e+03	2.052210044860839844e+01	5.309311151504516602e-01
1.246273925781250000e+03	2.052210044860839844e+01	1.554033309221267700e-01
1.246281372070312500e+03	2.044599914550780895e+01	1.504288613796234131e-01
1.246288940429687500e+03	2.036969947814941051e+01	1.456093192100524902e-01
1.255233520507812500e+03	2.089579963684082031e+01	5.607154369354248047e-01
1.271171386718750000e+03	2.089579963684082031e+01	2.429072409868240356e-01
1.271176391601562500e+03	2.071310043334960938e+01	1.731062233448028287e-01
1.303152465820312500e+03	2.044099998474120738e+01	1.485677361488342285e-01
1.303159057617187500e+03	2.044099998474120738e+01	1.512088775634765625e-01
1.303165771484375000e+03	2.044099998474120738e+01	1.620032787322998047e-01
1.303172485351562500e+03	2.058979988098144531e+01	1.495406180620193481e-01
1.318148803710937500e+03	2.097369956970214844e+01	2.216547131538391113e-01
1.318154418945312500e+03	2.101720046997070312e+01	1.864125132560729703e-01
1.318160034179687500e+03	2.101720046997070312e+01	1.920048594474792480e-01
1.318165771484375000e+03	2.101720046997070312e+01	2.012522518634795865e-01
1.332182617187500000e+03	2.051670074462890270e+01	1.614741981029510498e-01
1.332188354492187500e+03	2.048049926757812500e+01	1.654527336359024048e-01
1.332193969726562500e+03	2.035729980468750000e+01	1.526635736227035522e-01
1.332199707031250000e+03	2.032659912109375355e+01	1.551550626754760742e-01
1.345147216796875000e+03	2.035729980468750000e+01	2.950252294540404718e-01
1.514474853515625000e+03	2.101969909667968750e+01	2.388359010219573697e-01
1.514479248046875000e+03	2.101969909667968750e+01	1.996253579854964932e-01
1.514482421875000000e+03	2.101969909667968750e+01	3.488361537456512451e-01
1.514483764648437500e+03	2.114179992675780895e+01	2.838116884231567383e-01
1.514488159179687500e+03	2.114179992675780895e+01	2.125740051269531250e-01
1.529444702148437500e+03	2.057099914550780895e+01	1.614522784948348721e-01
1.529454589843750000e+03	2.057099914550780895e+01	1.591450273990631104e-01
1.529464477539062500e+03	2.061129951477050781e+01	1.649622768163681030e-01
1.529474243164062500e+03	2.062319946289062500e+01	1.628008633852005005e-01
1.542421508789062500e+03	2.067289924621582031e+01	1.765911877155303955e-01
1.542427124023437500e+03	2.072319984436035156e+01	1.703512817621231079e-01
1.542432739257812500e+03	2.072290039062500000e+01	1.737695932388305664e-01
1.542438232421875000e+03	2.072290039062500000e+01	1.734882444143295288e-01
1.558344360351562500e+03	2.072290039062500000e+01	2.067827880382537564e-01
1.558349975585937500e+03	2.061000061035155895e+01	2.590825259685516357e-01
1.558355468750000000e+03	2.080750083923339844e+01	2.024541348218917569e-01
1.558360839843750000e+03	2.054929924011230469e+01	2.270323634147644043e-01
1.572452636718750000e+03	2.069280052185058238e+01	1.578918397426605225e-01
1.572458129882812500e+03	2.069280052185058238e+01	1.711129546165466309e-01
1.572463500976562500e+03	2.069280052185058238e+01	1.744988411664962769e-01
1.572468994140625000e+03	2.065390014648437145e+01	1.689303070306777954e-01
1.612297241210937500e+03	2.004490089416503906e+01	1.358416229486465454e-01
1.612303955078125000e+03	2.006250000000000000e+01	1.369210332632064819e-01
1.612310791015625000e+03	2.006250000000000000e+01	1.418254524469375610e-01
1.612317382812500000e+03	2.015489959716796875e+01	1.302730292081832886e-01
1.660212890625000000e+03	2.063330078125000000e+01	1.816722452640533170e-01
1.660220458984375000e+03	2.063330078125000000e+01	1.773211061954498291e-01
1.660227905273437500e+03	2.063330078125000000e+01	1.700795441865921021e-01
1.660235473632812500e+03	2.054809951782226562e+01	1.878578811883926392e-01
1.688141357421875000e+03	2.074399948120116832e+01	4.540108442306519110e-01
1.698153198242187500e+03	2.071220016479491832e+01	1.948503255844115933e-01
1.698158691406250000e+03	2.071220016479491832e+01	1.917825043201446533e-01
1.698164184570312500e+03	2.071220016479491832e+01	1.870463490486144742e-01
1.698169555664062500e+03	2.065649986267089488e+01	2.564187645912170410e-01
1.851510375976562500e+03	2.081570053100585582e+01	2.712414562702178955e-01
1.851512451171875227e+03	2.065649986267089488e+01	2.934195101261138916e-01
1.854490112304687500e+03	2.062870025634765625e+01	5.041618347167968750e-01
1.873479492187500000e+03	2.014139938354491832e+01	1.449733972549438477e-01
1.873485839843750000e+03	2.014139938354491832e+01	1.413520574569701871e-01
1.873491943359375227e+03	2.021780014038085582e+01	1.489332914352416715e-01
1.873498291015624773e+03	2.021780014038085582e+01	1.518681943416595459e-01
1.902469604492187500e+03	2.019459915161132812e+01	1.361153125762939453e-01
1.902474731445312500e+03	2.017560005187987926e+01	1.459387838840484619e-01
1.902480102539062500e+03	2.019459915161132812e+01	1.449684202671051025e-01
1.902485351562500000e+03	2.028230094909667969e+01	1.519682705402374268e-01
1.927371826171875227e+03	2.095070075988769176e+01	4.402543604373931885e-01
1.927385131835937273e+03	2.095070075988769176e+01	5.633535981178283691e-01
1.931459594726562500e+03	2.078459930419921520e+01	1.563519835472106934e-01
1.931466064453124773e+03	2.033429908752441051e+01	1.928097009658813199e-01
1.931472412109375227e+03	2.046750068664550781e+01	1.562998145818710327e-01
1.931478759765624773e+03	2.046750068664550781e+01	1.669795066118240356e-01
1.992282958984375227e+03	2.046750068664550781e+01	4.005991220474243164e-01
1.992298706054687500e+03	2.038990020751952770e+01	3.044725060462952215e-01
1.996236816406250000e+03	2.038990020751952770e+01	1.738919913768768311e-01
1.997249877929687500e+03	2.100639915466308238e+01	2.813904583454132080e-01
1.997255126953124773e+03	2.112779998779296875e+01	2.991798520088195801e-01
1.997260375976562500e+03	2.112779998779296875e+01	3.364722132682799738e-01
1.997265747070312500e+03	2.101860046386718750e+01	2.650612890720367432e-01
2.018177978515624773e+03	2.089889907836914062e+01	6.037679314613342285e-01
2.018204223632812500e+03	2.101860046386718750e+01	1.926240175962448120e-01
2.018218505859375227e+03	2.069249916076660156e+01	2.494013011455535889e-01
2.018225585937500000e+03	2.034029960632323863e+01	1.512320488691329956e-01
2.047124145507812500e+03	2.026469993591308238e+01	1.633757352828979492e-01
2.047130126953124773e+03	2.034029960632323863e+01	1.579729616641998291e-01
2.047136108398437273e+03	2.029649925231933238e+01	1.655562222003936768e-01
2.047141967773437273e+03	2.031170082092284801e+01	1.609077751636505127e-01
2.047157104492187500e+03	2.029649925231933238e+01	3.205043077468872070e-01
2.220502929687500000e+03	2.009639930725097656e+01	1.864719986915588379e-01
2.220505126953125000e+03	1.998800086975097656e+01	1.735724806785583496e-01
2.220507568359375000e+03	1.998800086975097656e+01	1.773009747266769409e-01
2.220510009765625000e+03	2.020989990234375355e+01	2.101472169160842896e-01
2.262489501953125000e+03	2.020989990234375355e+01	1.513248234987258911e-01
2.262499511718750000e+03	2.020989990234375355e+01	1.666360348463058472e-01
2.262503906250000000e+03	2.036669921875000000e+01	1.816504150629043579e-01
2.262508300781250000e+03	2.036669921875000000e+01	1.890286952257156372e-01
