4.001814575195313068e+02	2.059980010986328125e+01	1.633529067039489469e-01
4.001869812011719318e+02	2.063559913635253551e+01	1.655323207378387451e-01
4.001925354003905682e+02	2.069099998474120738e+01	1.746995300054549893e-01
4.001980895996093750e+02	2.074690055847167969e+01	1.710505187511444092e-01
4.232185974121093750e+02	2.069680023193359730e+01	1.871306002140044888e-01
4.232255249023437500e+02	2.069680023193359730e+01	1.811939030885696411e-01
4.232325439453125000e+02	2.069680023193359730e+01	1.807090193033218384e-01
4.232394104003905682e+02	2.088150024414062500e+01	2.204831987619400024e-01
7.792335815429686363e+02	2.088150024414062500e+01	2.041729539632796686e-01
7.792413330078125000e+02	2.081920051574707031e+01	1.973484754562377652e-01
7.792490844726561363e+02	2.081920051574707031e+01	1.947404444217681607e-01
7.792567749023436363e+02	2.077039909362792969e+01	2.159265279769897183e-01
8.071604003906250000e+02	2.098579978942871094e+01	1.877847462892532349e-01
8.071660156250000000e+02	2.105750083923339844e+01	2.231838554143905640e-01
8.071716308593750000e+02	2.129739952087402344e+01	2.536161243915557861e-01
8.071770629882812500e+02	2.130579948425292969e+01	2.520642578601836603e-01
1.108231201171875000e+03	2.129739952087402344e+01	2.729033529758453369e-01
1.108236816406250000e+03	2.135750007629394531e+01	2.017425596714020053e-01
1.108242309570312500e+03	2.111829948425292969e+01	2.453349530696868896e-01
1.108247802734375000e+03	2.124819946289062500e+01	2.180985659360885620e-01
1.136300903320312500e+03	2.111829948425292969e+01	2.260344028472900391e-01
1.136307128906250000e+03	2.087080001831054332e+01	1.864958107471466064e-01
1.136313110351562500e+03	2.086090087890624645e+01	1.807841658592224121e-01
1.136319213867187500e+03	2.086090087890624645e+01	1.882864534854888916e-01
1.228110839843750000e+03	2.109589958190917613e+01	2.154319435358047485e-01
1.467300415039062500e+03	2.154109954833984375e+01	3.646304905414580744e-01
1.467305053710937500e+03	2.154109954833984375e+01	5.041618347167968750e-01
1.467309814453125000e+03	2.146800041198730469e+01	2.571341097354888916e-01
1.481330810546875000e+03	2.146800041198730469e+01	2.670135796070098877e-01
1.554108154296875000e+03	2.112170028686523438e+01	2.092422693967819214e-01
1.554114746093750000e+03	2.112170028686523438e+01	2.210562527179718018e-01
1.554121459960937500e+03	2.112170028686523438e+01	2.568732798099517822e-01
1.844254638671875227e+03	2.112170028686523438e+01	2.423321157693862915e-01
1.844260131835937273e+03	2.112170028686523438e+01	2.370298206806182861e-01
1.844265625000000000e+03	2.109939956665039062e+01	2.570362091064452570e-01
1.878262329101562500e+03	2.150620079040527699e+01	2.975077033042908270e-01
1.878267333984375227e+03	2.150620079040527699e+01	4.500992894172669012e-01
2.207306152343750000e+03	2.106399917602539062e+01	2.879715561866760254e-01
2.207312011718750000e+03	2.122710037231445312e+01	2.156787961721420011e-01
2.207317871093750000e+03	2.122710037231445312e+01	2.330299019813537320e-01
2.852428955078125000e+03	2.151880073547363281e+01	3.943088650703430176e-01
2.852435302734375000e+03	2.151880073547363281e+01	3.228347599506378174e-01
2.852441650390625000e+03	2.151880073547363281e+01	2.243794500827789307e-01
2.852447998046875000e+03	2.120289993286132812e+01	4.551692605018615723e-01
2.915365234375000000e+03	2.141130065917968750e+01	5.654284954071044922e-01
2.938324218750000000e+03	2.141130065917968750e+01	2.813477814197539728e-01
2.938331054687500000e+03	2.152510070800780895e+01	3.611705601215362549e-01
2.938344970703125000e+03	2.152510070800780895e+01	3.015569746494292658e-01
2.957242919921875000e+03	2.152510070800780895e+01	1.925181597471236905e-01
2.957247314453125000e+03	2.134749984741210938e+01	3.966780900955200195e-01
2.957251953125000000e+03	2.134749984741210938e+01	3.086949884891510010e-01
3.287401123046875000e+03	2.093560028076171875e+01	2.253984361886977872e-01
3.287407958984375000e+03	2.063940048217773082e+01	2.623844146728516180e-01
3.287415039062500000e+03	2.093560028076171875e+01	1.865077316761016846e-01
3.287421875000000000e+03	2.059059906005859730e+01	2.734117507934570312e-01
3.343195556640625000e+03	2.059059906005859730e+01	2.199552208185195923e-01
3.651425781250000000e+03	2.059059906005859730e+01	1.933032870292663574e-01
3.651433593750000000e+03	2.053779983520508168e+01	2.398606091737747192e-01
3.651441162109375000e+03	2.074690055847167969e+01	2.142481952905654907e-01
3.651448974609375000e+03	2.060379981994628906e+01	2.380050569772720337e-01
3.683279541015625000e+03	2.074690055847167969e+01	2.214064598083496094e-01
3.683284667968750455e+03	2.060379981994628906e+01	2.728253901004791260e-01
3.683289550781249545e+03	2.100989913940429688e+01	1.987982690334320068e-01
3.683294677734375000e+03	2.038520050048828125e+01	5.085954070091247559e-01
3.698186523437500000e+03	2.042860031127929688e+01	1.680499464273452759e-01
3.698192626953125000e+03	2.041150093078612926e+01	1.750164926052093506e-01
3.698198730468750455e+03	2.042860031127929688e+01	1.736381053924560269e-01
3.698205078125000000e+03	2.048679924011230469e+01	1.798259019851684293e-01
3.705212158203125000e+03	2.064489936828612926e+01	2.522181570529937744e-01
3.705218750000000000e+03	2.064489936828612926e+01	2.260123789310455600e-01
3.705225585937500000e+03	2.046960067749023438e+01	2.071500271558761319e-01
3.705232177734375000e+03	2.032699966430664062e+01	1.933032870292663574e-01
3.730101806640625000e+03	2.023189926147460938e+01	2.533971071243286133e-01
4.039249511718750455e+03	2.019659996032714844e+01	3.032965362071990967e-01
4.055164062500000000e+03	2.019659996032714844e+01	2.156787961721420011e-01
4.055269042968750455e+03	2.060420036315917613e+01	1.895791590213775912e-01
4.055273437500000000e+03	2.067180061340332031e+01	1.797310113906860352e-01
4.055278076171875000e+03	2.060420036315917613e+01	1.745465546846389493e-01
4.055282714843750455e+03	2.056250000000000000e+01	1.658359318971633911e-01
4.392500000000000000e+03	2.056250000000000000e+01	1.345564574003219604e-01
4.433500000000000000e+03	2.084390068054199219e+01	1.559881716966629028e-01
4.440500000000000000e+03	2.084390068054199219e+01	2.411942183971404752e-01
4.775500000000000000e+03	2.093619918823241832e+01	1.390065252780914307e-01
4.802500000000000000e+03	2.109700012207031250e+01	1.678657233715057095e-01
4.827500000000000000e+03	2.109700012207031250e+01	1.813239455223083496e-01
