4.814590759277343750e+02 1.781450080871582031e+01 2.496697455644607544e-01
9.562593383789062500e+02 2.114310073852539062e+01 5.126765966415405273e-01
1.258368408203125000e+03 2.165049934387207031e+01 3.270491063594818115e-01
1.258373413085937500e+03 2.165049934387207031e+01 3.065353035926818848e-01
1.258378540039062500e+03 2.149769973754882812e+01 2.632560133934020996e-01
1.258383666992187500e+03 2.149769973754882812e+01 2.657793760299682617e-01
1.282380981445312500e+03 2.187960052490234375e+01 3.225804567337036133e-01
1.282387695312500000e+03 2.188789939880371094e+01 3.224535286426544189e-01
1.282400878906250000e+03 2.222809982299804688e+01 4.124035239219665527e-01
1.321242065429687500e+03 2.222809982299804688e+01 3.727923035621643066e-01
1.321254272460937500e+03 2.145030021667480469e+01 2.574940323829650879e-01
1.607379394531250000e+03 2.145030021667480469e+01 5.802257061004638672e-01
1.672283691406250000e+03 2.202989959716796875e+01 3.818960785865784247e-01
1.672303222656250000e+03 2.202989959716796875e+01 4.394980370998383123e-01
2.018325561523437273e+03 2.104050064086914062e+01 3.747196495532989502e-01
2.353468017578125000e+03 2.074209976196288707e+01 2.352400571107864380e-01
2.368454101562500000e+03 2.074209976196288707e+01 4.215434789657592773e-01
2.380283691406250000e+03 2.106940078735351562e+01 2.353148311376571933e-01
2.380294189453125000e+03 2.122220039367676137e+01 2.217999249696731567e-01
2.380304687500000000e+03 2.129999923706054332e+01 3.486775457859039862e-01
2.380315185546875000e+03 2.129999923706054332e+01 2.447140812873840332e-01
2.395330566406250000e+03 2.105500030517578125e+01 4.908496737480164129e-01
2.395336425781250000e+03 2.100790023803710938e+01 5.043810009956359863e-01
2.415172363281250000e+03 2.057130050659180043e+01 2.336130142211914062e-01
2.750288818359375000e+03 2.057130050659180043e+01 3.764783442020416260e-01
2.758250732421875000e+03 2.076259994506835938e+01 3.547689318656921387e-01
3.022467285156250000e+03 2.106319999694823863e+01 5.194410085678100586e-01
3.088490722656250000e+03 2.114349937438964844e+01 2.806250154972076416e-01
3.088496582031250000e+03 2.106319999694823863e+01 3.440121412277221680e-01
3.088502441406250000e+03 2.074440002441406250e+01 2.377214878797531128e-01
3.088508300781250000e+03 2.067510032653808238e+01 2.295074462890624722e-01
3.125214111328125000e+03 2.067280006408691762e+01 2.132130265235900879e-01
3.205218750000000000e+03 2.052799987792968750e+01 4.426987171173096258e-01
3.420373291015625000e+03 2.062739944458008168e+01 3.516453504562377375e-01
3.431534179687500000e+03 2.062739944458008168e+01 3.952067792415618341e-01
3.498237304687500000e+03 2.110260009765624645e+01 5.373268127441406250e-01
3.734504394531249545e+03 2.110260009765624645e+01 5.184937119483947754e-01
3.843366699218750455e+03 2.087899971008300781e+01 2.143600583076476773e-01
3.843373046875000000e+03 2.093260002136230469e+01 2.241215705871582031e-01
3.843379150390625000e+03 2.093260002136230469e+01 2.204831987619400024e-01
3.843385498046875000e+03 2.072360038757323863e+01 1.999234408140182495e-01
3.852309814453125000e+03 2.072360038757323863e+01 2.871524393558502197e-01
3.915232421875000000e+03 2.106550025939941051e+01 4.910536110401153564e-01
3.937183105468750455e+03 2.111590003967284801e+01 2.568081915378570557e-01
3.937186035156249545e+03 2.111590003967284801e+01 3.012438118457794189e-01
3.937189208984375000e+03 2.066250038146972656e+01 2.038858830928802490e-01
3.937192138671875000e+03 2.064999961853027699e+01 2.054157257080078125e-01
4.157499023437500000e+03 2.066250038146972656e+01 3.938620090484619141e-01
4.157512695312500000e+03 2.060190010070800781e+01 5.840883255004882812e-01
4.157520996093750000e+03 2.128240013122558238e+01 3.440121412277221680e-01
4.181387207031250000e+03 2.128240013122558238e+01 5.751796364784240723e-01
4.181391601562500000e+03 2.128240013122558238e+01 6.002495884895324707e-01
4.181395507812500000e+03 2.061310005187987926e+01 3.894697129726409357e-01
4.181465332031250000e+03 2.061310005187987926e+01 1.694368273019790649e-01
4.181471191406250000e+03 2.063199996948241832e+01 1.777964532375335693e-01
4.181477539062500000e+03 2.065760040283203125e+01 1.917042285203933716e-01
4.181483398437500000e+03 2.079809951782226562e+01 1.792277097702026367e-01
4.205183593750000000e+03 2.065760040283203125e+01 5.184937119483947754e-01
4.205190429687500000e+03 2.033550071716308238e+01 2.087257802486419955e-01
4.211369140625000000e+03 2.033550071716308238e+01 2.812198400497436523e-01
4.211394042968750000e+03 2.033550071716308238e+01 4.110164046287536621e-01
4.225322753906250000e+03 2.095890045166015980e+01 2.184540778398513516e-01
4.233174804687500000e+03 2.103709983825683594e+01 3.106141388416290283e-01
4.242235839843750000e+03 2.067399978637695668e+01 5.477284789085388184e-01
4.262175781250000000e+03 2.082220077514648438e+01 1.905041337013244906e-01
4.262181152343750000e+03 2.078129959106445312e+01 2.042369097471236905e-01
4.262186035156250000e+03 2.078129959106445312e+01 1.994027346372604370e-01
4.262190917968750000e+03 2.067510032653808238e+01 1.691614538431167603e-01
4.269234375000000000e+03 2.042379951477050781e+01 1.797731667757034302e-01
4.269239257812500000e+03 2.064419937133788707e+01 1.592423468828201294e-01
4.269243652343750000e+03 2.064419937133788707e+01 1.774420738220214844e-01
4.269248046875000000e+03 2.066099929809570312e+01 1.928894668817519864e-01
4.298500000000000000e+03 2.066099929809570312e+01 1.467355787754058838e-01
4.478500000000000000e+03 2.066099929809570312e+01 1.640657335519790649e-01
4.533500000000000000e+03 2.092090034484863281e+01 1.740903258323669434e-01
4.557500000000000000e+03 2.092180061340332031e+01 1.769598871469497681e-01
4.580500000000000000e+03 2.092090034484863281e+01 2.255733162164688110e-01
4.594500000000000000e+03 2.099150085449218750e+01 1.652622818946838379e-01
4.610500000000000000e+03 2.081030082702636719e+01 1.877481937408447266e-01
4.624500000000000000e+03 2.097380065917968750e+01 1.699485927820205688e-01
4.642500000000000000e+03 2.081030082702636719e+01 1.919262856245040894e-01
4.853500000000000000e+03 2.077440071105956676e+01 1.423558443784713468e-01
4.863500000000000000e+03 2.067020034790039062e+01 1.366969496011734009e-01
4.883500000000000000e+03 2.051160049438476562e+01 1.364544481039047241e-01
4.893500000000000000e+03 2.045549964904784801e+01 1.291261166334152222e-01
4.922500000000000000e+03 2.042760086059570312e+01 1.311768591403961182e-01
4.946500000000000000e+03 2.039069938659667969e+01 1.288836300373077115e-01
4.971500000000000000e+03 2.039069938659667969e+01 1.233045086264610152e-01
4.979500000000000000e+03 2.108440017700195668e+01 1.713724136352539062e-01
4.999500000000000000e+03 2.108440017700195668e+01 2.540873289108276367e-01
5.010500000000000000e+03 2.030830001831054332e+01 1.241504251956939558e-01
5.031500000000000000e+03 2.030830001831054332e+01 1.325884014368057251e-01
5.253500000000000000e+03 2.090399932861328125e+01 1.627332419157027921e-01
5.274500000000000000e+03 2.090399932861328125e+01 1.722318977117538452e-01
5.276500000000000000e+03 2.085569953918456676e+01 1.615326851606369019e-01
5.291500000000000000e+03 2.064319992065429688e+01 1.474796831607818604e-01
5.328500000000000000e+03 2.055769920349120738e+01 1.445976793766021729e-01
5.335500000000000000e+03 2.053450012207031250e+01 1.391470134258270264e-01
5.352500000000000000e+03 2.049699974060058238e+01 1.401543766260147095e-01
5.386500000000000000e+03 2.053450012207031250e+01 1.212114170193672041e-01
5.625500000000000000e+03 2.065609931945800781e+01 1.508457362651824674e-01
5.631500000000000000e+03 2.065609931945800781e+01 1.357288509607315063e-01
5.645500000000000000e+03 2.047610092163085582e+01 1.247368380427360396e-01
