2.212386322021484375e+02 2.022900009155273082e+01 4.684668183326720636e-01
2.212466583251952841e+02 2.063699913024902344e+01 5.943912863731384277e-01
4.883751525878905682e+02 2.063699913024902344e+01 5.447403192520141602e-01
5.134645385742187500e+02 2.064760017395019531e+01 3.002582788467407227e-01
5.213461303710937500e+02 2.022859954833984375e+01 3.997830450534820557e-01
5.433280029296875000e+02 2.044499969482421520e+01 3.508362174034118652e-01
7.875177612304686363e+02 2.022859954833984375e+01 4.357691407203673761e-01
8.473421020507811363e+02 2.006550025939941051e+01 3.599508702754974365e-01
8.473516845703125000e+02 2.048480033874512074e+01 2.773777246475219727e-01
8.473708496093750000e+02 2.081879997253417613e+01 5.714707970619201660e-01
9.092409057617187500e+02 2.083849906921386719e+01 4.183472394943236750e-01
9.253264160156250000e+02 2.083849906921386719e+01 5.717774629592895508e-01
9.253328857421875000e+02 2.063459968566894531e+01 3.697654604911804199e-01
9.362329711914062500e+02 2.043910026550292969e+01 3.431758582592010498e-01
9.862525634765623863e+02 2.015060043334960938e+01 3.229621052742004395e-01
1.163491333007812500e+03 2.015060043334960938e+01 2.399135231971740723e-01
1.173435913085937500e+03 2.072669982910155895e+01 4.807436764240264893e-01
1.201375488281250000e+03 2.072669982910155895e+01 3.958839476108551025e-01
1.201382202148437500e+03 2.072669982910155895e+01 2.733333706855773371e-01
1.229368530273437500e+03 2.005439949035644531e+01 4.396490156650543213e-01
1.231315429687500000e+03 2.039469909667968750e+01 2.727474868297576904e-01
1.231323730468750000e+03 2.039469909667968750e+01 3.269170820713043213e-01
1.231332031250000000e+03 2.039469909667968750e+01 3.762817978858947754e-01
1.255304809570312500e+03 2.016880035400390270e+01 2.437916696071624756e-01
1.255311523437500000e+03 2.016880035400390270e+01 2.864300608634948730e-01
1.255318237304687500e+03 2.019330024719238281e+01 3.205043077468872070e-01
1.255324951171875000e+03 2.019330024719238281e+01 2.896305024623870850e-01
1.275340576171875000e+03 2.019330024719238281e+01 2.369533479213714322e-01
1.275347778320312500e+03 1.996990013122558238e+01 5.180218219757080078e-01
1.275362182617187500e+03 2.008440017700195668e+01 5.024173259735107422e-01
1.283434204101562500e+03 2.008440017700195668e+01 2.843825817108154297e-01
1.289223632812500000e+03 2.004059982299804688e+01 2.586494088172912598e-01
1.308319091796875000e+03 2.028300094604491832e+01 3.115292787551879883e-01
1.317163818359375000e+03 2.059029960632323863e+01 4.643847644329071045e-01
1.336239257812500000e+03 2.059029960632323863e+01 3.707981407642365057e-01
1.378179687500000000e+03 2.027230072021484375e+01 3.136171102523804266e-01
1.392166015625000000e+03 2.018110084533691762e+01 3.392992615699768066e-01
1.521495727539062500e+03 2.027230072021484375e+01 2.979610264301300049e-01
1.555471191406250000e+03 2.014410018920898438e+01 5.000450611114501953e-01
1.584416259765625000e+03 2.058650016784667969e+01 5.660250782966613770e-01
1.611381347656250000e+03 2.058650016784667969e+01 3.555202484130859375e-01
1.611390991210937500e+03 2.027919960021972656e+01 2.945359349250793457e-01
1.617319946289062500e+03 2.022120094299316406e+01 2.901897430419921875e-01
1.628407348632812500e+03 2.022120094299316406e+01 3.006720840930938721e-01
1.635299560546875000e+03 2.029369926452636719e+01 3.980497717857360840e-01
1.635310546875000000e+03 2.029369926452636719e+01 3.006720840930938721e-01
1.643320190429687500e+03 2.029369926452636719e+01 2.909874320030212402e-01
1.643327026367187500e+03 2.053809928894042969e+01 5.061439871788024902e-01
1.643340454101562500e+03 2.053809928894042969e+01 3.929725289344788153e-01
1.659260864257812500e+03 2.046479988098144531e+01 3.719339668750762384e-01
1.660274414062500000e+03 2.023380088806152344e+01 2.414636611938476285e-01
1.660281982421875000e+03 2.023380088806152344e+01 2.921722531318664551e-01
1.660289550781250000e+03 2.053269958496093750e+01 3.936391174793243408e-01
1.660297119140625000e+03 2.053269958496093750e+01 3.437834680080413818e-01
1.669168090820312500e+03 2.053269958496093750e+01 2.321157306432723999e-01
1.669178955078125000e+03 2.024850082397460938e+01 4.688264131546021063e-01
1.675196899414062500e+03 2.024850082397460938e+01 3.074713051319122314e-01
1.691208862304687500e+03 2.024850082397460938e+01 2.678951323032379150e-01
1.691223388671875000e+03 2.031669998168945312e+01 3.566979467868804932e-01
1.726164184570312500e+03 2.031669998168945312e+01 3.170672953128814142e-01
1.726170654296875000e+03 2.014229965209960938e+01 2.917440831661224365e-01
1.755159423828125000e+03 2.014229965209960938e+01 2.222373485565185269e-01
1.934457397460937273e+03 2.033760070800780895e+01 3.806733489036560059e-01
1.959422363281250000e+03 2.029249954223632812e+01 3.118168413639068604e-01
1.993297973632812500e+03 2.009000015258788707e+01 2.615900933742523193e-01
1.993304931640624773e+03 1.995960044860839844e+01 2.793628275394440252e-01
1.993311889648437273e+03 2.009000015258788707e+01 2.174514532089233121e-01
1.993318847656250000e+03 1.992079925537109375e+01 3.696719706058502197e-01
2.010479003906250000e+03 2.001510047912597656e+01 2.617277204990386963e-01
2.020183349609375227e+03 2.001510047912597656e+01 2.314491569995880127e-01
2.020190795898437273e+03 2.001510047912597656e+01 2.718177735805511475e-01
2.027266235351562500e+03 2.009799957275390270e+01 2.174319475889205655e-01
2.027275146484375227e+03 1.976409912109375355e+01 3.946449160575866144e-01
2.041168457031250000e+03 2.044630050659180043e+01 3.420447409152984619e-01
2.079232666015625000e+03 2.016979980468750000e+01 2.351155728101730347e-01
2.079246582031250000e+03 1.978249931335448863e+01 2.968564033508300781e-01
2.295460693359375000e+03 1.989500045776367188e+01 2.376957535743713101e-01
2.295474365234375000e+03 1.979439926147460938e+01 2.532098591327667236e-01
2.295481445312500000e+03 1.989500045776367188e+01 2.407382577657699585e-01
2.322450927734375000e+03 1.979439926147460938e+01 3.015047311782836914e-01
2.322457275390625000e+03 2.019529914855956676e+01 1.892782598733901700e-01
2.340425781250000000e+03 2.029140090942382812e+01 3.136171102523804266e-01
2.340437500000000000e+03 2.032320022583008168e+01 3.190182447433472235e-01
2.340443359375000000e+03 2.032320022583008168e+01 3.198826909065246582e-01
2.349438232421875000e+03 1.976899909973144531e+01 1.847948133945464810e-01
2.349445800781250000e+03 1.976899909973144531e+01 2.081452906131744385e-01
2.349461181640625000e+03 1.979520034790039062e+01 2.429622262716293335e-01
2.369249755859375000e+03 1.982579994201660156e+01 2.516348659992218018e-01
2.369255615234375000e+03 1.979520034790039062e+01 2.556772530078887939e-01
2.369261230468750000e+03 1.958499908447265625e+01 2.260344028472900391e-01
2.369266845703125000e+03 1.958499908447265625e+01 1.713365614414215088e-01
2.376221923828125000e+03 1.965290069580078125e+01 1.784609556198120117e-01
2.376229980468750000e+03 1.981850051879882812e+01 1.992399692535400391e-01
2.376238037109375000e+03 1.988439941406250000e+01 1.930093169212341309e-01
2.376246093750000000e+03 1.981850051879882812e+01 2.278632372617721280e-01
2.385288818359375000e+03 1.987120056152344105e+01 2.152615785598754883e-01
2.398176269531250000e+03 1.970949935913085582e+01 2.617966234683990479e-01
2.398183593750000000e+03 1.987120056152344105e+01 2.407917529344558716e-01
2.398198486328125000e+03 2.005360031127929688e+01 2.882919609546661377e-01
2.435248535156250000e+03 2.026679992675780895e+01 3.234090209007263184e-01
2.435257080078125000e+03 2.026679992675780895e+01 4.045093357563018244e-01
2.435265625000000000e+03 2.019799995422363281e+01 2.662855088710784912e-01
2.435274414062500000e+03 2.019799995422363281e+01 3.115292787551879883e-01
2.473191406250000000e+03 2.019799995422363281e+01 3.843747973442077637e-01
2.616465576171875000e+03 1.997229957580566406e+01 2.538670897483825684e-01
2.616468994140625000e+03 1.997229957580566406e+01 2.764816880226135254e-01
2.616472412109375000e+03 1.997229957580566406e+01 5.035057067871093750e-01
2.646518554687500000e+03 1.994120025634765625e+01 2.156978100538253507e-01
2.646525634765625000e+03 1.994120025634765625e+01 2.592496871948242188e-01
2.646532470703125000e+03 2.013339996337890270e+01 2.870618700981140137e-01
2.675384521484375000e+03 2.013339996337890270e+01 2.846471965312957764e-01
2.675400878906250000e+03 1.986520004272460938e+01 2.177252471446990689e-01
2.675409179687500000e+03 1.986520004272460938e+01 1.805376559495925626e-01
2.700338867187500000e+03 1.948180007934570312e+01 2.785306274890900213e-01
2.700348876953125000e+03 2.005200004577636719e+01 1.793426424264907837e-01
2.700359375000000000e+03 2.017919921875000000e+01 3.220736086368560791e-01
2.709333007812500000e+03 2.017919921875000000e+01 2.938549220561980646e-01
2.709338134765625000e+03 1.974729919433593750e+01 2.348672151565552035e-01
2.709343261718750000e+03 1.946069908142089488e+01 1.793426424264907837e-01
2.726250000000000000e+03 1.946069908142089488e+01 1.636581718921661099e-01
2.726256591796875000e+03 1.961020088195800781e+01 3.681852221488952637e-01
2.726270263671875000e+03 1.961020088195800781e+01 2.265205830335616788e-01
2.731412841796875000e+03 1.961020088195800781e+01 2.156027406454086304e-01
2.731419677734375000e+03 1.955459976196288707e+01 2.254858314990997314e-01
2.731426513671875000e+03 1.964109992980956676e+01 1.956391036510467529e-01
2.731433105468750000e+03 1.961070060729980469e+01 2.655993103981018066e-01
2.737297363281250000e+03 1.961070060729980469e+01 2.387055009603500366e-01
2.737302978515625000e+03 1.961070060729980469e+01 1.999533176422119141e-01
2.737308837890625000e+03 1.944680023193359730e+01 3.140865564346313477e-01
2.737314453125000000e+03 2.011009979248046875e+01 2.177252471446990689e-01
2.762339355468750000e+03 1.958799934387207031e+01 2.908461987972259521e-01
2.762344482421875000e+03 2.011009979248046875e+01 2.226774990558623990e-01
2.762349609375000000e+03 1.958799934387207031e+01 3.413711190223693848e-01
2.762354736328125000e+03 1.985339927673339844e+01 2.215718626976012906e-01
2.816207275390625000e+03 1.955069923400878906e+01 2.139693647623062134e-01
2.816214599609375000e+03 1.973130035400390270e+01 1.659402400255203247e-01
2.816222167968750000e+03 1.973130035400390270e+01 2.041090428829192838e-01
2.816229492187500000e+03 1.986059951782226562e+01 2.912704944610596258e-01
2.848158203125000000e+03 1.986059951782226562e+01 2.281347364187240878e-01
2.848164306640625000e+03 1.986059951782226562e+01 2.064010500907897672e-01
2.848170410156250000e+03 1.977969932556152344e+01 2.461607605218887607e-01
2.848176513671875000e+03 2.001650047302246094e+01 2.186921089887619296e-01
2.976479003906250000e+03 1.998570060729980469e+01 3.342020511627196711e-01
2.976485107421875000e+03 1.998570060729980469e+01 3.243726491928100586e-01
2.976491210937500000e+03 1.982710075378417613e+01 2.966568470001220703e-01
3.048388183593750000e+03 1.958289909362792969e+01 2.028286159038543979e-01
3.048396240234375000e+03 1.947579956054687500e+01 2.192106246948241910e-01
3.048404296875000000e+03 1.958289909362792969e+01 2.084178179502487183e-01
3.048412109375000000e+03 1.947579956054687500e+01 2.591159343719482422e-01
3.061359375000000000e+03 1.927429962158203125e+01 1.970768570899963656e-01
3.061364990234375000e+03 1.927429962158203125e+01 1.961426585912704468e-01
3.061370605468750000e+03 1.941530036926269176e+01 2.202593386173248013e-01
3.061376464843750000e+03 1.951749992370605113e+01 2.163094133138656894e-01
3.076298095703125000e+03 1.960589981079101207e+01 2.955168783664703369e-01
3.085466552734375000e+03 1.982270050048828125e+01 1.934776902198791504e-01
3.085472656250000000e+03 1.975219917297363281e+01 2.145094871520996094e-01
3.085478759765625000e+03 1.981189918518066406e+01 2.079246938228607178e-01
3.085484863281250000e+03 1.981189918518066406e+01 2.135993689298629483e-01
3.091352783203125000e+03 2.002479934692382812e+01 2.749539911746978760e-01
3.091359863281250000e+03 2.002479934692382812e+01 2.986194193363189697e-01
3.091366943359375000e+03 2.008869934082031250e+01 2.186921089887619296e-01
3.091374267578125000e+03 1.958079910278320312e+01 2.840747535228728693e-01
3.114400878906250000e+03 1.952610015869140625e+01 2.926980555057525635e-01
3.114406005859375000e+03 1.979890060424804688e+01 2.176860719919204712e-01
3.114411132812500000e+03 1.952610015869140625e+01 2.485422044992446899e-01
3.119231445312500000e+03 1.979890060424804688e+01 2.127741873264312744e-01
3.119241699218750000e+03 1.945709991455078125e+01 2.834620475769042969e-01
3.119251953125000000e+03 1.953129959106445312e+01 1.761364042758941650e-01
3.119262451171875000e+03 1.953129959106445312e+01 2.193107903003692905e-01
3.137177734375000000e+03 1.953129959106445312e+01 2.526505887508392334e-01
3.137182861328125000e+03 1.980209922790527699e+01 2.130481153726577481e-01
3.137187988281250000e+03 1.980209922790527699e+01 2.494310885667800903e-01
3.165196289062500000e+03 1.980209922790527699e+01 2.594842612743377686e-01
3.165203125000000000e+03 1.952440071105956676e+01 2.188114225864410400e-01
3.165209716796875000e+03 1.952440071105956676e+01 2.078400403261184692e-01
3.165216552734375000e+03 1.941469955444335938e+01 2.739624381065368652e-01
3.199174804687500000e+03 1.962080001831054332e+01 1.847255229949951172e-01
3.199179443359375000e+03 1.925449943542480469e+01 2.375158965587615967e-01
3.199184082031250000e+03 1.928820037841796875e+01 1.982142329216003696e-01
3.403442382812500000e+03 1.928820037841796875e+01 1.915219873189925870e-01
3.403449462890625000e+03 1.928820037841796875e+01 2.367243915796279907e-01
